# it strain shortening ε_f δT D θ θc
1 0.000000e+00 0.000000e+00 1.597470e+00 0.000000e+00 4.995896e+03 4.595803e+01 4.574018e+01
2 1.770244e-03 1.768678e-01 1.658619e+00 1.986843e+00 4.882938e+03 4.605940e+01 4.584156e+01
3 3.539646e-03 3.533389e-01 1.719716e+00 3.926902e+00 4.739407e+03 4.616070e+01 4.594287e+01
4 5.308184e-03 5.294120e-01 1.783901e+00 5.819167e+00 4.591701e+03 4.626194e+01 4.604413e+01
5 7.075837e-03 7.050863e-01 1.851266e+00 7.666522e+00 4.444495e+03 4.636311e+01 4.614532e+01
6 8.842586e-03 8.803605e-01 1.921937e+00 9.470944e+00 4.300071e+03 4.646422e+01 4.624644e+01
7 1.060841e-02 1.055234e+00 1.996092e+00 1.123428e+01 4.159949e+03 4.656525e+01 4.634750e+01
8 1.237328e-02 1.229705e+00 2.073933e+00 1.295817e+01 4.024844e+03 4.666621e+01 4.644848e+01
9 1.413719e-02 1.403773e+00 2.155713e+00 1.464406e+01 3.894795e+03 4.676709e+01 4.654938e+01
10 1.590012e-02 1.577438e+00 2.241708e+00 1.629326e+01 3.769790e+03 4.686790e+01 4.665021e+01
11 1.766203e-02 1.750697e+00 2.332243e+00 1.790690e+01 3.649702e+03 4.696862e+01 4.675096e+01
12 1.942292e-02 1.923551e+00 2.427935e+00 1.951333e+01 3.532948e+03 4.706926e+01 4.685163e+01
13 2.118276e-02 2.095998e+00 2.528719e+00 2.117913e+01 3.421981e+03 4.716982e+01 4.695221e+01
14 2.294153e-02 2.268037e+00 2.633340e+00 2.284234e+01 3.320241e+03 4.727029e+01 4.705271e+01
15 2.469921e-02 2.439668e+00 2.741538e+00 2.449673e+01 3.225710e+03 4.737066e+01 4.715312e+01
16 2.645579e-02 2.610890e+00 2.855070e+00 2.614224e+01 3.135062e+03 4.747095e+01 4.725344e+01
17 2.821124e-02 2.781702e+00 2.974655e+00 2.778052e+01 3.047452e+03 4.757114e+01 4.735366e+01
18 2.996555e-02 2.952103e+00 3.127957e+00 2.941360e+01 2.908751e+03 4.448876e+01 4.610087e+01
19 3.171869e-02 3.122092e+00 3.261419e+00 3.104335e+01 2.831002e+03 4.458919e+01 4.666161e+01
20 3.347064e-02 3.291670e+00 3.401459e+00 3.267185e+01 2.752509e+03 4.468957e+01 4.676203e+01
21 3.522139e-02 3.460834e+00 3.545760e+00 3.430695e+01 2.679220e+03 4.478987e+01 4.732238e+01
22 3.697092e-02 3.629584e+00 3.693962e+00 3.596960e+01 2.608791e+03 4.489011e+01 4.742264e+01
23 3.871921e-02 3.797920e+00 3.846723e+00 3.763080e+01 2.542845e+03 4.499028e+01 4.798251e+01
24 4.046623e-02 3.965841e+00 4.012959e+00 3.928927e+01 2.514728e+03 4.826964e+01 4.805243e+01
25 4.221198e-02 4.133346e+00 4.193822e+00 4.094481e+01 2.447818e+03 4.836899e+01 4.815183e+01
26 4.395643e-02 4.300435e+00 4.386242e+00 4.259836e+01 2.380782e+03 4.846823e+01 4.825111e+01
27 4.569957e-02 4.467107e+00 4.588219e+00 4.427986e+01 2.317642e+03 4.856735e+01 4.878442e+01
28 4.744137e-02 4.633362e+00 4.800007e+00 4.598777e+01 2.253706e+03 4.866635e+01 4.888338e+01
29 4.918182e-02 4.799198e+00 4.850715e+00 4.769703e+01 2.222130e+03 4.902386e+01 4.882677e+01
30 5.092090e-02 4.964616e+00 5.077297e+00 4.941256e+01 2.161159e+03 4.912249e+01 4.892546e+01
31 5.265859e-02 5.129615e+00 5.317065e+00 5.112513e+01 2.100944e+03 4.922100e+01 4.902401e+01
32 5.439488e-02 5.294194e+00 5.569987e+00 5.283459e+01 2.043412e+03 4.931938e+01 4.951632e+01
33 5.612975e-02 5.458354e+00 5.832609e+00 5.458440e+01 1.986638e+03 4.941763e+01 4.961451e+01
34 5.786317e-02 5.622093e+00 6.104844e+00 5.634241e+01 1.932458e+03 4.951574e+01 4.971257e+01
35 5.959514e-02 5.785411e+00 6.386741e+00 5.809212e+01 1.880652e+03 4.961372e+01 4.981050e+01
36 6.132563e-02 5.948307e+00 6.679910e+00 5.983014e+01 1.830394e+03 4.971156e+01 4.990828e+01
37 6.305464e-02 6.110782e+00 6.980855e+00 6.155415e+01 1.782617e+03 4.980926e+01 5.000592e+01
38 6.478213e-02 6.272835e+00 7.287965e+00 6.328799e+01 1.736805e+03 4.990682e+01 5.010343e+01
39 6.650810e-02 6.434466e+00 7.603753e+00 6.502999e+01 1.692480e+03 5.000423e+01 5.020078e+01
40 6.823253e-02 6.595674e+00 7.924615e+00 6.674846e+01 1.650662e+03 5.010150e+01 5.029799e+01
41 6.995540e-02 6.756459e+00 8.252214e+00 6.843886e+01 1.610581e+03 5.019862e+01 5.039505e+01
42 7.167669e-02 6.916821e+00 8.584257e+00 7.009830e+01 1.572152e+03 5.029560e+01 5.049197e+01
43 7.339640e-02 7.076759e+00 8.914801e+00 7.174946e+01 1.536480e+03 5.039242e+01 5.058873e+01
44 7.511450e-02 7.236274e+00 9.243170e+00 7.339299e+01 1.503528e+03 5.048909e+01 5.068533e+01
45 7.683098e-02 7.395364e+00 9.567408e+00 7.500321e+01 1.473080e+03 5.058560e+01 5.078178e+01
46 7.854582e-02 7.554030e+00 9.880310e+00 7.672425e+01 1.445572e+03 5.068196e+01 5.087808e+01
47 8.025901e-02 7.712272e+00 1.018222e+01 7.840646e+01 1.420388e+03 5.077817e+01 5.097421e+01
48 8.197054e-02 7.870090e+00 1.046976e+01 8.007796e+01 1.397606e+03 5.087421e+01 5.107019e+01
49 8.368038e-02 8.027482e+00 1.074090e+01 8.172681e+01 1.376837e+03 5.097009e+01 5.116600e+01
50 8.538852e-02 8.184450e+00 1.099635e+01 8.332531e+01 1.357531e+03 5.106581e+01 5.165331e+01
51 8.709494e-02 8.340993e+00 1.131981e+01 8.487003e+01 1.353453e+03 5.367964e+01 5.349475e+01
52 8.879964e-02 8.497111e+00 1.164978e+01 8.635756e+01 1.336067e+03 5.377282e+01 5.358802e+01
53 9.050260e-02 8.652804e+00 1.196736e+01 8.782987e+01 1.320369e+03 5.386580e+01 5.368110e+01
54 9.220380e-02 8.808072e+00 1.227263e+01 8.925275e+01 1.306231e+03 5.395860e+01 5.377399e+01
55 9.390323e-02 8.962915e+00 1.256448e+01 9.061259e+01 1.293503e+03 5.405120e+01 5.386668e+01
56 9.560088e-02 9.117332e+00 1.283791e+01 9.190770e+01 1.282350e+03 5.414360e+01 5.395919e+01
57 9.729672e-02 9.271325e+00 1.309226e+01 9.313883e+01 1.272693e+03 5.423581e+01 5.405149e+01
58 9.899076e-02 9.424892e+00 1.332325e+01 9.435222e+01 1.264784e+03 5.432782e+01 5.414360e+01
59 1.006830e-01 9.578034e+00 1.353382e+01 9.550599e+01 1.258185e+03 5.441963e+01 5.423551e+01
60 1.023733e-01 9.730752e+00 1.372427e+01 9.664479e+01 1.252749e+03 5.451124e+01 5.432723e+01
61 1.040618e-01 9.883044e+00 1.389841e+01 9.771476e+01 1.248170e+03 5.460266e+01 5.441874e+01
62 1.057485e-01 1.003491e+01 1.405334e+01 9.873512e+01 1.244618e+03 5.469386e+01 5.451005e+01
63 1.074333e-01 1.018635e+01 1.419073e+01 9.972286e+01 1.241972e+03 5.478487e+01 5.460116e+01
64 1.091161e-01 1.033737e+01 1.431200e+01 1.006649e+02 1.240102e+03 5.487567e+01 5.469207e+01
65 1.107971e-01 1.048797e+01 1.441562e+01 1.015880e+02 1.239433e+03 5.496627e+01 5.514977e+01
66 1.124762e-01 1.063814e+01 1.450323e+01 1.024482e+02 1.239293e+03 5.505665e+01 5.524005e+01
67 1.141533e-01 1.078788e+01 1.457522e+01 1.032789e+02 1.239979e+03 5.514683e+01 5.533012e+01
68 1.158285e-01 1.093720e+01 1.463090e+01 1.041035e+02 1.241492e+03 5.523680e+01 5.541999e+01
69 1.175017e-01 1.108610e+01 1.467202e+01 1.048959e+02 1.243644e+03 5.532656e+01 5.550964e+01
70 1.191730e-01 1.123458e+01 1.470101e+01 1.056315e+02 1.246327e+03 5.541611e+01 5.559908e+01
71 1.208423e-01 1.138263e+01 1.472969e+01 1.063342e+02 1.248836e+03 5.550545e+01 5.567368e+01
72 1.225096e-01 1.153026e+01 1.475158e+01 1.070604e+02 1.251547e+03 5.559458e+01 5.576270e+01
73 1.241749e-01 1.167746e+01 1.476087e+01 1.077397e+02 1.254871e+03 5.568349e+01 5.585151e+01
74 1.258382e-01 1.182425e+01 1.476930e+01 1.083954e+02 1.259049e+03 5.577218e+01 5.592767e+01
75 1.274994e-01 1.197061e+01 1.477509e+01 1.090283e+02 1.262304e+03 5.586066e+01 5.601605e+01
76 1.291587e-01 1.211655e+01 1.477023e+01 1.096168e+02 1.266108e+03 5.594892e+01 5.610422e+01
77 1.308158e-01 1.226207e+01 1.476283e+01 1.102573e+02 1.271452e+03 5.603697e+01 5.618146e+01
78 1.324710e-01 1.240716e+01 1.475548e+01 1.108735e+02 1.275226e+03 5.612479e+01 5.626920e+01
79 1.341240e-01 1.255184e+01 1.473896e+01 1.114448e+02 1.279433e+03 5.621240e+01 5.635671e+01
80 1.357750e-01 1.269610e+01 1.472215e+01 1.120102e+02 1.285384e+03 5.629979e+01 5.643470e+01
81 1.374239e-01 1.283994e+01 1.470483e+01 1.125568e+02 1.289584e+03 5.638695e+01 5.652178e+01
82 1.390707e-01 1.298335e+01 1.468015e+01 1.130960e+02 1.294134e+03 5.647390e+01 5.660864e+01
83 1.407154e-01 1.312635e+01 1.465762e+01 1.135955e+02 1.300417e+03 5.656062e+01 5.668711e+01
84 1.423580e-01 1.326893e+01 1.463494e+01 1.141015e+02 1.304807e+03 5.664711e+01 5.677353e+01
85 1.439985e-01 1.341110e+01 1.460668e+01 1.145729e+02 1.309456e+03 5.673339e+01 5.685972e+01
86 1.456368e-01 1.355284e+01 1.458107e+01 1.150198e+02 1.315859e+03 5.681944e+01 5.693847e+01
87 1.472730e-01 1.369417e+01 1.455696e+01 1.154795e+02 1.320293e+03 5.690526e+01 5.702422e+01
88 1.489070e-01 1.383508e+01 1.452923e+01 1.159331e+02 1.324875e+03 5.699086e+01 5.710974e+01
89 1.505389e-01 1.397557e+01 1.450059e+01 1.163537e+02 1.331319e+03 5.707623e+01 5.718861e+01
90 1.521686e-01 1.411565e+01 1.447688e+01 1.167427e+02 1.335678e+03 5.716137e+01 5.727368e+01
91 1.537961e-01 1.425532e+01 1.445040e+01 1.171511e+02 1.340132e+03 5.724629e+01 5.735852e+01
92 1.554215e-01 1.439457e+01 1.442174e+01 1.175622e+02 1.344693e+03 5.733098e+01 5.744313e+01
93 1.570446e-01 1.453341e+01 1.439412e+01 1.179452e+02 1.350980e+03 5.741544e+01 5.752177e+01
94 1.586655e-01 1.467183e+01 1.436940e+01 1.183219e+02 1.355389e+03 5.749967e+01 5.760592e+01
95 1.602843e-01 1.480984e+01 1.434292e+01 1.187024e+02 1.359839e+03 5.758366e+01 5.768985e+01
96 1.619007e-01 1.494744e+01 1.431529e+01 1.190610e+02 1.364299e+03 5.766743e+01 5.777354e+01
97 1.635150e-01 1.508463e+01 1.428662e+01 1.194415e+02 1.368765e+03 5.775097e+01 5.785701e+01
98 1.651271e-01 1.522140e+01 1.426122e+01 1.198195e+02 1.374871e+03 5.783428e+01 5.793507e+01
99 1.667369e-01 1.535777e+01 1.423589e+01 1.201735e+02 1.379152e+03 5.791735e+01 5.801807e+01
100 1.683444e-01 1.549373e+01 1.420972e+01 1.205042e+02 1.383423e+03 5.800019e+01 5.810085e+01
101 1.699497e-01 1.562927e+01 1.418292e+01 1.208400e+02 1.387669e+03 5.808280e+01 5.818338e+01
102 1.715527e-01 1.576441e+01 1.415566e+01 1.211905e+02 1.391890e+03 5.816518e+01 5.826569e+01
103 1.731535e-01 1.589914e+01 1.412806e+01 1.215245e+02 1.396100e+03 5.824732e+01 5.834776e+01
104 1.747519e-01 1.603347e+01 1.410287e+01 1.218405e+02 1.402227e+03 5.832923e+01 5.842493e+01
105 1.763481e-01 1.616739e+01 1.407757e+01 1.221639e+02 1.406345e+03 5.841090e+01 5.850653e+01
106 1.779420e-01 1.630090e+01 1.405181e+01 1.225807e+02 1.410430e+03 5.849234e+01 5.858790e+01
107 1.795336e-01 1.643401e+01 1.402579e+01 1.233913e+02 1.414472e+03 5.857355e+01 5.866904e+01
108 1.811229e-01 1.656672e+01 1.399949e+01 1.241905e+02 1.418476e+03 5.865452e+01 5.874994e+01
109 1.827099e-01 1.669902e+01 1.397313e+01 1.249613e+02 1.422481e+03 5.873525e+01 5.883060e+01
110 1.842946e-01 1.683092e+01 1.394676e+01 1.257039e+02 1.426448e+03 5.881575e+01 5.891103e+01
111 1.858769e-01 1.696242e+01 1.392029e+01 1.264184e+02 1.430375e+03 5.889601e+01 5.899123e+01
112 1.874569e-01 1.709352e+01 1.389387e+01 1.271057e+02 1.434246e+03 5.897604e+01 5.907118e+01
113 1.890346e-01 1.722421e+01 1.386784e+01 1.277988e+02 1.440780e+03 5.905583e+01 5.914668e+01
114 1.906100e-01 1.735451e+01 1.384248e+01 1.284655e+02 1.444618e+03 5.913538e+01 5.922616e+01
115 1.921830e-01 1.748441e+01 1.381699e+01 1.291059e+02 1.448460e+03 5.921470e+01 5.930541e+01
116 1.937536e-01 1.761392e+01 1.379149e+01 1.297203e+02 1.452278e+03 5.929378e+01 5.938442e+01
117 1.953219e-01 1.774302e+01 1.376605e+01 1.303090e+02 1.456038e+03 5.937262e+01 5.946320e+01
118 1.968879e-01 1.787173e+01 1.374062e+01 1.308848e+02 1.459762e+03 5.945123e+01 5.954174e+01
119 1.984515e-01 1.800004e+01 1.374211e+01 1.314557e+02 1.415363e+03 5.952960e+01 5.969239e+01
120 2.000127e-01 1.812796e+01 1.374867e+01 1.320026e+02 1.414132e+03 5.960773e+01 5.977040e+01
121 2.015715e-01 1.825549e+01 1.375347e+01 1.325258e+02 1.413221e+03 5.968563e+01 5.984817e+01
122 2.031280e-01 1.838262e+01 1.375709e+01 1.330256e+02 1.412304e+03 5.976328e+01 5.992570e+01
123 2.046821e-01 1.850937e+01 1.375838e+01 1.335023e+02 1.411552e+03 5.984070e+01 6.000299e+01
124 2.062338e-01 1.863572e+01 1.375649e+01 1.339751e+02 1.410913e+03 5.991788e+01 6.008005e+01
125 2.077831e-01 1.876168e+01 1.375306e+01 1.344380e+02 1.410246e+03 5.999483e+01 6.015687e+01
126 2.093301e-01 1.888725e+01 1.374778e+01 1.348795e+02 1.409873e+03 6.007153e+01 6.023345e+01
127 2.108746e-01 1.901244e+01 1.375316e+01 1.352999e+02 1.420919e+03 6.201386e+01 6.186133e+01
128 2.124167e-01 1.913723e+01 1.376864e+01 1.356996e+02 1.420981e+03 6.208702e+01 6.193463e+01
129 2.139564e-01 1.926165e+01 1.378273e+01 1.360789e+02 1.421294e+03 6.215994e+01 6.200768e+01
130 2.154938e-01 1.938567e+01 1.379575e+01 1.364580e+02 1.421726e+03 6.223263e+01 6.208050e+01
131 2.170287e-01 1.950931e+01 1.380717e+01 1.368273e+02 1.422260e+03 6.230507e+01 6.215308e+01
132 2.185612e-01 1.963257e+01 1.381649e+01 1.371779e+02 1.422987e+03 6.237728e+01 6.222541e+01
133 2.200913e-01 1.975544e+01 1.382392e+01 1.375099e+02 1.423722e+03 6.244924e+01 6.229751e+01
134 2.216189e-01 1.987794e+01 1.383030e+01 1.378238e+02 1.424599e+03 6.252097e+01 6.236937e+01
135 2.231442e-01 2.000005e+01 1.380066e+01 1.381197e+02 1.443458e+03 6.246342e+01 6.232257e+01
136 2.246670e-01 2.012178e+01 1.380451e+01 1.384145e+02 1.444632e+03 6.253490e+01 6.239417e+01
137 2.261874e-01 2.024314e+01 1.380712e+01 1.387040e+02 1.445896e+03 6.260613e+01 6.246552e+01
138 2.277053e-01 2.036411e+01 1.380878e+01 1.389772e+02 1.447283e+03 6.267713e+01 6.253664e+01
139 2.292209e-01 2.048471e+01 1.380926e+01 1.392342e+02 1.448775e+03 6.274789e+01 6.260752e+01
140 2.307340e-01 2.060493e+01 1.380825e+01 1.394755e+02 1.450342e+03 6.281841e+01 6.267817e+01
141 2.322446e-01 2.072478e+01 1.380595e+01 1.397012e+02 1.452014e+03 6.288869e+01 6.274858e+01
142 2.337529e-01 2.084426e+01 1.380253e+01 1.399199e+02 1.453693e+03 6.295874e+01 6.281875e+01
143 2.352586e-01 2.096336e+01 1.379781e+01 1.401422e+02 1.455433e+03 6.302855e+01 6.288868e+01
144 2.367620e-01 2.108209e+01 1.379230e+01 1.403503e+02 1.457283e+03 6.309812e+01 6.295838e+01
145 2.382629e-01 2.120045e+01 1.378591e+01 1.405444e+02 1.459169e+03 6.316746e+01 6.302784e+01
146 2.397613e-01 2.131844e+01 1.377829e+01 1.407248e+02 1.461108e+03 6.323656e+01 6.309706e+01
147 2.412573e-01 2.143606e+01 1.376988e+01 1.408918e+02 1.463107e+03 6.330542e+01 6.316605e+01
148 2.427509e-01 2.155331e+01 1.376087e+01 1.410455e+02 1.465185e+03 6.337405e+01 6.323480e+01
149 2.442420e-01 2.167020e+01 1.375083e+01 1.412080e+02 1.467351e+03 6.344245e+01 6.330332e+01
150 2.457307e-01 2.178672e+01 1.374045e+01 1.413617e+02 1.469586e+03 6.351061e+01 6.337161e+01
151 2.472169e-01 2.190287e+01 1.372937e+01 1.415034e+02 1.471882e+03 6.357853e+01 6.343966e+01
152 2.487006e-01 2.201866e+01 1.371743e+01 1.416333e+02 1.474245e+03 6.364623e+01 6.350748e+01
153 2.501819e-01 2.213409e+01 1.370542e+01 1.417515e+02 1.476695e+03 6.371369e+01 6.357506e+01
154 2.516608e-01 2.224916e+01 1.369300e+01 1.418583e+02 1.479166e+03 6.378091e+01 6.364241e+01
155 2.531372e-01 2.236386e+01 1.367988e+01 1.419587e+02 1.481672e+03 6.384791e+01 6.370953e+01
156 2.546111e-01 2.247821e+01 1.366616e+01 1.420673e+02 1.484238e+03 6.391467e+01 6.377642e+01
157 2.560826e-01 2.259220e+01 1.365230e+01 1.421655e+02 1.486831e+03 6.398120e+01 6.384308e+01
158 2.575516e-01 2.270583e+01 1.363828e+01 1.422535e+02 1.489543e+03 6.404750e+01 6.390950e+01
159 2.590182e-01 2.281910e+01 1.362406e+01 1.423315e+02 1.492318e+03 6.411357e+01 6.397570e+01
160 2.604823e-01 2.293202e+01 1.360932e+01 1.423995e+02 1.495120e+03 6.417941e+01 6.404166e+01
161 2.619440e-01 2.304459e+01 1.359452e+01 1.424578e+02 1.497963e+03 6.424502e+01 6.410740e+01
162 2.634032e-01 2.315680e+01 1.357945e+01 1.425143e+02 1.500820e+03 6.431040e+01 6.417290e+01
163 2.648599e-01 2.326866e+01 1.356421e+01 1.425766e+02 1.503716e+03 6.437555e+01 6.423818e+01
164 2.663142e-01 2.338016e+01 1.354883e+01 1.426300e+02 1.506665e+03 6.444048e+01 6.430323e+01
165 2.677660e-01 2.349132e+01 1.353287e+01 1.426748e+02 1.509620e+03 6.450517e+01 6.436805e+01
166 2.692154e-01 2.360213e+01 1.351689e+01 1.427110e+02 1.512586e+03 6.456964e+01 6.443264e+01
167 2.706623e-01 2.371259e+01 1.350091e+01 1.427388e+02 1.515623e+03 6.463388e+01 6.449700e+01
168 2.721067e-01 2.382270e+01 1.348468e+01 1.427583e+02 1.518843e+03 6.469789e+01 6.483464e+01
169 2.735487e-01 2.393247e+01 1.346832e+01 1.427751e+02 1.521939e+03 6.476168e+01 6.489831e+01
170 2.749883e-01 2.404190e+01 1.345181e+01 1.428001e+02 1.525042e+03 6.482525e+01 6.496175e+01
171 2.764253e-01 2.415098e+01 1.343510e+01 1.428176e+02 1.528142e+03 6.488859e+01 6.502496e+01
172 2.778600e-01 2.425971e+01 1.341818e+01 1.428277e+02 1.531249e+03 6.495170e+01 6.508795e+01
173 2.792922e-01 2.436811e+01 1.340124e+01 1.428304e+02 1.534381e+03 6.501459e+01 6.515071e+01
174 2.807219e-01 2.447616e+01 1.338421e+01 1.428260e+02 1.537502e+03 6.507726e+01 6.521326e+01
175 2.821492e-01 2.458388e+01 1.336699e+01 1.428145e+02 1.540607e+03 6.513970e+01 6.527558e+01
176 2.835740e-01 2.469126e+01 1.334969e+01 1.427960e+02 1.543740e+03 6.520193e+01 6.533767e+01
177 2.849963e-01 2.479830e+01 1.333217e+01 1.427896e+02 1.546857e+03 6.526393e+01 6.539955e+01
178 2.864163e-01 2.490500e+01 1.331455e+01 1.427782e+02 1.549963e+03 6.532571e+01 6.546121e+01
179 2.878337e-01 2.501137e+01 1.329693e+01 1.427605e+02 1.553028e+03 6.538727e+01 6.552264e+01
180 2.892488e-01 2.511741e+01 1.327901e+01 1.427366e+02 1.556086e+03 6.544861e+01 6.558386e+01
181 2.906614e-01 2.522311e+01 1.326087e+01 1.427065e+02 1.559113e+03 6.550973e+01 6.564485e+01
182 2.920715e-01 2.532849e+01 1.324267e+01 1.426702e+02 1.562121e+03 6.557063e+01 6.570563e+01
183 2.934792e-01 2.543353e+01 1.322448e+01 1.426280e+02 1.565090e+03 6.563132e+01 6.576619e+01
184 2.948845e-01 2.553824e+01 1.320615e+01 1.425865e+02 1.568095e+03 6.569178e+01 6.582653e+01
185 2.962873e-01 2.564262e+01 1.318764e+01 1.425519e+02 1.571084e+03 6.575203e+01 6.588665e+01
186 2.976877e-01 2.574668e+01 1.316892e+01 1.425119e+02 1.574086e+03 6.581207e+01 6.594656e+01
187 2.990856e-01 2.585041e+01 1.315010e+01 1.424665e+02 1.577070e+03 6.587189e+01 6.600626e+01
188 3.004811e-01 2.595381e+01 1.304232e+01 1.424158e+02 1.589676e+03 6.582961e+01 6.595509e+01
189 3.018742e-01 2.605689e+01 1.302291e+01 1.423599e+02 1.592784e+03 6.588919e+01 6.601455e+01
190 3.032648e-01 2.615965e+01 1.300334e+01 1.422987e+02 1.595865e+03 6.594855e+01 6.607380e+01
191 3.046531e-01 2.626208e+01 1.298369e+01 1.422324e+02 1.598931e+03 6.600770e+01 6.613284e+01
192 3.060389e-01 2.636420e+01 1.296407e+01 1.421699e+02 1.601965e+03 6.606664e+01 6.619166e+01
193 3.074222e-01 2.646599e+01 1.294434e+01 1.421120e+02 1.604995e+03 6.612536e+01 6.625026e+01
194 3.088032e-01 2.656747e+01 1.292448e+01 1.420494e+02 1.608032e+03 6.618387e+01 6.630866e+01
195 3.101817e-01 2.666863e+01 1.290451e+01 1.419822e+02 1.611057e+03 6.624217e+01 6.636685e+01
196 3.115578e-01 2.676947e+01 1.288442e+01 1.419104e+02 1.614059e+03 6.630027e+01 6.642482e+01
197 3.129315e-01 2.687000e+01 1.286427e+01 1.418341e+02 1.617042e+03 6.635815e+01 6.648259e+01
198 3.143028e-01 2.697021e+01 1.284392e+01 1.417533e+02 1.620016e+03 6.641582e+01 6.654014e+01
199 3.156717e-01 2.707011e+01 1.282346e+01 1.416681e+02 1.622981e+03 6.647328e+01 6.659749e+01
200 3.170381e-01 2.716970e+01 1.280282e+01 1.415842e+02 1.625936e+03 6.653054e+01 6.665463e+01
201 3.184022e-01 2.726898e+01 1.278213e+01 1.415076e+02 1.628882e+03 6.658759e+01 6.671157e+01
202 3.197639e-01 2.736795e+01 1.276132e+01 1.414271e+02 1.631855e+03 6.664443e+01 6.676829e+01
203 3.211231e-01 2.746660e+01 1.274034e+01 1.413425e+02 1.634838e+03 6.670107e+01 6.682481e+01
204 3.224800e-01 2.756496e+01 1.271922e+01 1.412540e+02 1.637827e+03 6.675750e+01 6.688113e+01
205 3.238344e-01 2.766300e+01 1.269797e+01 1.411616e+02 1.640807e+03 6.681372e+01 6.693724e+01
206 3.251865e-01 2.776074e+01 1.267662e+01 1.410652e+02 1.643765e+03 6.686975e+01 6.699315e+01
207 3.265362e-01 2.785817e+01 1.265506e+01 1.409651e+02 1.646720e+03 6.692557e+01 6.704885e+01
208 3.278835e-01 2.795530e+01 1.263337e+01 1.408611e+02 1.649667e+03 6.698118e+01 6.710435e+01
209 3.292284e-01 2.805213e+01 1.261153e+01 1.407672e+02 1.652615e+03 6.703660e+01 6.715965e+01
210 3.305709e-01 2.814866e+01 1.258955e+01 1.406721e+02 1.655557e+03 6.709181e+01 6.721475e+01
211 3.319111e-01 2.824489e+01 1.256737e+01 1.405736e+02 1.658506e+03 6.714682e+01 6.726965e+01
212 3.332488e-01 2.834081e+01 1.254515e+01 1.404716e+02 1.661457e+03 6.720163e+01 6.732434e+01
213 3.345842e-01 2.843644e+01 1.252262e+01 1.403662e+02 1.664417e+03 6.725624e+01 6.737884e+01
214 3.359173e-01 2.853178e+01 1.250005e+01 1.402574e+02 1.667369e+03 6.731066e+01 6.743314e+01
215 3.372479e-01 2.862681e+01 1.247725e+01 1.401452e+02 1.670346e+03 6.736487e+01 6.748724e+01
216 3.385763e-01 2.872156e+01 1.245444e+01 1.400691e+02 1.673313e+03 6.741889e+01 6.754114e+01
217 3.399022e-01 2.881601e+01 1.243132e+01 1.401514e+02 1.676275e+03 6.747271e+01 6.759485e+01
218 3.412258e-01 2.891016e+01 1.240810e+01 1.402459e+02 1.679246e+03 6.752634e+01 6.764836e+01
219 3.425470e-01 2.900403e+01 1.238475e+01 1.403380e+02 1.682235e+03 6.757977e+01 6.770168e+01
220 3.438659e-01 2.909760e+01 1.236125e+01 1.404277e+02 1.685216e+03 6.763300e+01 6.775480e+01
221 3.451825e-01 2.919089e+01 1.233766e+01 1.405150e+02 1.688191e+03 6.768604e+01 6.780772e+01
222 3.464967e-01 2.928388e+01 1.231376e+01 1.405999e+02 1.691185e+03 6.773889e+01 6.786046e+01
223 3.478085e-01 2.937659e+01 1.228985e+01 1.406823e+02 1.694144e+03 6.779154e+01 6.791300e+01
224 3.491180e-01 2.946901e+01 1.226568e+01 1.407624e+02 1.697098e+03 6.784401e+01 6.796535e+01
225 3.504252e-01 2.956115e+01 1.224149e+01 1.408402e+02 1.700052e+03 6.789628e+01 6.801750e+01
226 3.517301e-01 2.965300e+01 1.221747e+01 1.409155e+02 1.716086e+03 6.916693e+01 6.905220e+01
227 3.530326e-01 2.974457e+01 1.220136e+01 1.410002e+02 1.719059e+03 6.921649e+01 6.910188e+01
228 3.543328e-01 2.983586e+01 1.218494e+01 1.410853e+02 1.722025e+03 6.926587e+01 6.915137e+01
229 3.556307e-01 2.992687e+01 1.216821e+01 1.411801e+02 1.724997e+03 6.931507e+01 6.920068e+01
230 3.569263e-01 3.001759e+01 1.215119e+01 1.412796e+02 1.727959e+03 6.936408e+01 6.924980e+01
231 3.582196e-01 3.010804e+01 1.213392e+01 1.413781e+02 1.730914e+03 6.941291e+01 6.929874e+01
232 3.595105e-01 3.019821e+01 1.211631e+01 1.414756e+02 1.733924e+03 6.946156e+01 6.934750e+01
233 3.607992e-01 3.028810e+01 1.209840e+01 1.415721e+02 1.736924e+03 6.951003e+01 6.939608e+01
234 3.620856e-01 3.037772e+01 1.208022e+01 1.416677e+02 1.739878e+03 6.955832e+01 6.944448e+01
235 3.633696e-01 3.046706e+01 1.206176e+01 1.417622e+02 1.742811e+03 6.960642e+01 6.949270e+01
236 3.646514e-01 3.055613e+01 1.204302e+01 1.418558e+02 1.745750e+03 6.965435e+01 6.954073e+01
237 3.659309e-01 3.064493e+01 1.202399e+01 1.419484e+02 1.748667e+03 6.970210e+01 6.958859e+01
238 3.672081e-01 3.073345e+01 1.200470e+01 1.420401e+02 1.751559e+03 6.974967e+01 6.963628e+01
239 3.684830e-01 3.082170e+01 1.198512e+01 1.421308e+02 1.754425e+03 6.979707e+01 6.968378e+01
240 3.697556e-01 3.090969e+01 1.196527e+01 1.422205e+02 1.757273e+03 6.984429e+01 6.973111e+01
241 3.710260e-01 3.099740e+01 1.194518e+01 1.423094e+02 1.760117e+03 6.989133e+01 6.977826e+01
242 3.722941e-01 3.108485e+01 1.188454e+01 1.423973e+02 1.775444e+03 6.979282e+01 6.968642e+01
243 3.735599e-01 3.117203e+01 1.186484e+01 1.424843e+02 1.778397e+03 6.983980e+01 6.973349e+01
244 3.748235e-01 3.125894e+01 1.184487e+01 1.425704e+02 1.781328e+03 6.988660e+01 6.978040e+01
245 3.760848e-01 3.134559e+01 1.182461e+01 1.426556e+02 1.784236e+03 6.993322e+01 6.982713e+01
246 3.773439e-01 3.143198e+01 1.180407e+01 1.427398e+02 1.787141e+03 6.997968e+01 6.987368e+01
247 3.786007e-01 3.151810e+01 1.178324e+01 1.428232e+02 1.790057e+03 7.002596e+01 6.992007e+01
248 3.798553e-01 3.160396e+01 1.176216e+01 1.429057e+02 1.792941e+03 7.007207e+01 6.996628e+01
249 3.811076e-01 3.168956e+01 1.174079e+01 1.429873e+02 1.795809e+03 7.011801e+01 7.001232e+01
250 3.823577e-01 3.177490e+01 1.171914e+01 1.430680e+02 1.798649e+03 7.016378e+01 7.005819e+01
251 3.836056e-01 3.185999e+01 1.169724e+01 1.431482e+02 1.801456e+03 7.020938e+01 7.010389e+01
252 3.848512e-01 3.194481e+01 1.167507e+01 1.432280e+02 1.804268e+03 7.025481e+01 7.014942e+01
253 3.860946e-01 3.202938e+01 1.165261e+01 1.433070e+02 1.807072e+03 7.030007e+01 7.019479e+01
254 3.873358e-01 3.211369e+01 1.162987e+01 1.433851e+02 1.809833e+03 7.034517e+01 7.023998e+01
255 3.885748e-01 3.219775e+01 1.160691e+01 1.434623e+02 1.812526e+03 7.039010e+01 7.028501e+01
256 3.898115e-01 3.228155e+01 1.158369e+01 1.435387e+02 1.815198e+03 7.043486e+01 7.032988e+01
257 3.910461e-01 3.236510e+01 1.156023e+01 1.436143e+02 1.817871e+03 7.047946e+01 7.037458e+01
258 3.922784e-01 3.244840e+01 1.153649e+01 1.436890e+02 1.820559e+03 7.052389e+01 7.041911e+01
259 3.935086e-01 3.253145e+01 1.151253e+01 1.437629e+02 1.823189e+03 7.056816e+01 7.046348e+01
260 3.947366e-01 3.261425e+01 1.148831e+01 1.438359e+02 1.825771e+03 7.061226e+01 7.050768e+01
261 3.959623e-01 3.269679e+01 1.146383e+01 1.439081e+02 1.828338e+03 7.065620e+01 7.055172e+01
262 3.971859e-01 3.277910e+01 1.143914e+01 1.439795e+02 1.830907e+03 7.069998e+01 7.059560e+01
263 3.984073e-01 3.286115e+01 1.141422e+01 1.440500e+02 1.833473e+03 7.074360e+01 7.063932e+01
264 3.996265e-01 3.294296e+01 1.138906e+01 1.441205e+02 1.835956e+03 7.078706e+01 7.068288e+01
265 4.008436e-01 3.302452e+01 1.136361e+01 1.441910e+02 1.838477e+03 7.083036e+01 7.072627e+01
266 4.020585e-01 3.310584e+01 1.133789e+01 1.442607e+02 1.841044e+03 7.087349e+01 7.076951e+01
267 4.032712e-01 3.318691e+01 1.131199e+01 1.443296e+02 1.843577e+03 7.091647e+01 7.081259e+01
268 4.044818e-01 3.326775e+01 1.128585e+01 1.443976e+02 1.846077e+03 7.095929e+01 7.085551e+01
269 4.056902e-01 3.334834e+01 1.125946e+01 1.444647e+02 1.848550e+03 7.100196e+01 7.089827e+01
270 4.068965e-01 3.342869e+01 1.123281e+01 1.445311e+02 1.851013e+03 7.104446e+01 7.094088e+01
271 4.081006e-01 3.350880e+01 1.120594e+01 1.445965e+02 1.853463e+03 7.108681e+01 7.098332e+01
272 4.093025e-01 3.358867e+01 1.117884e+01 1.446612e+02 1.855865e+03 7.112901e+01 7.102562e+01
273 4.105024e-01 3.366831e+01 1.115148e+01 1.447250e+02 1.858657e+03 7.117105e+01 7.127434e+01
274 4.117001e-01 3.374771e+01 1.112391e+01 1.447880e+02 1.860929e+03 7.121293e+01 7.131613e+01
275 4.128957e-01 3.382687e+01 1.109611e+01 1.448502e+02 1.863074e+03 7.125466e+01 7.135776e+01
276 4.140891e-01 3.390579e+01 1.106806e+01 1.449119e+02 1.865438e+03 7.129624e+01 7.139924e+01
277 4.152804e-01 3.398449e+01 1.103971e+01 1.449729e+02 1.867806e+03 7.133767e+01 7.144057e+01
278 4.164697e-01 3.406295e+01 1.101109e+01 1.450330e+02 1.869973e+03 7.137894e+01 7.148175e+01
279 4.176568e-01 3.414118e+01 1.098226e+01 1.450924e+02 1.872079e+03 7.142007e+01 7.152277e+01
280 4.188418e-01 3.421917e+01 1.095320e+01 1.451510e+02 1.874263e+03 7.146104e+01 7.156365e+01
281 4.200247e-01 3.429694e+01 1.092385e+01 1.452088e+02 1.876509e+03 7.150186e+01 7.160438e+01
282 4.212055e-01 3.437448e+01 1.089415e+01 1.452657e+02 1.878987e+03 7.154254e+01 7.164495e+01
283 4.223842e-01 3.445178e+01 1.086426e+01 1.453219e+02 1.881290e+03 7.158306e+01 7.168538e+01
284 4.235608e-01 3.452887e+01 1.083415e+01 1.453773e+02 1.883574e+03 7.162344e+01 7.172566e+01
285 4.247354e-01 3.460572e+01 1.080376e+01 1.454318e+02 1.885840e+03 7.166367e+01 7.176580e+01
286 4.259078e-01 3.468235e+01 1.077312e+01 1.454856e+02 1.888178e+03 7.170375e+01 7.180579e+01
287 4.270782e-01 3.475875e+01 1.074216e+01 1.455385e+02 1.890775e+03 7.174369e+01 7.184563e+01
288 4.282466e-01 3.483493e+01 1.071095e+01 1.455907e+02 1.893547e+03 7.178348e+01 7.188532e+01
289 4.294128e-01 3.491088e+01 1.067940e+01 1.456420e+02 1.896110e+03 7.182313e+01 7.192488e+01
290 4.305770e-01 3.498662e+01 1.064761e+01 1.456926e+02 1.898615e+03 7.186263e+01 7.196428e+01
291 4.317392e-01 3.506213e+01 1.061562e+01 1.457423e+02 1.901184e+03 7.190199e+01 7.200355e+01
