# it strain shortening ε_f δT D θ θc
1 0.000000e+00 0.000000e+00 1.446265e+00 5.684342e-14 6.190825e+03 4.500000e+01 4.486427e+01
2 1.770244e-03 1.768678e-01 1.495182e+00 1.788261e+00 6.008640e+03 4.510143e+01 4.496570e+01
3 3.539646e-03 3.533389e-01 1.542979e+00 3.413753e+00 5.767091e+03 4.520281e+01 4.506708e+01
4 5.308184e-03 5.294120e-01 1.592939e+00 5.072093e+00 5.534903e+03 4.530413e+01 4.516841e+01
5 7.075837e-03 7.050863e-01 1.645256e+00 6.698756e+00 5.313549e+03 4.540540e+01 4.526968e+01
6 8.842586e-03 8.803605e-01 1.700134e+00 8.295101e+00 5.106582e+03 4.550662e+01 4.564233e+01
7 1.060841e-02 1.055234e+00 1.757781e+00 9.862333e+00 4.909466e+03 4.560777e+01 4.574348e+01
8 1.237328e-02 1.229705e+00 1.818411e+00 1.140148e+01 4.723084e+03 4.570886e+01 4.584457e+01
9 1.413719e-02 1.403773e+00 1.882263e+00 1.291337e+01 4.546936e+03 4.580989e+01 4.594559e+01
10 1.590012e-02 1.577438e+00 1.949586e+00 1.439862e+01 4.380331e+03 4.591086e+01 4.604655e+01
11 1.766203e-02 1.750697e+00 2.020642e+00 1.591003e+01 4.222542e+03 4.601175e+01 4.614743e+01
12 1.942292e-02 1.923551e+00 2.095756e+00 1.742359e+01 4.072477e+03 4.611257e+01 4.624825e+01
13 2.118276e-02 2.095998e+00 2.175084e+00 1.893473e+01 3.930760e+03 4.621332e+01 4.634898e+01
14 2.294153e-02 2.268037e+00 2.258709e+00 2.046928e+01 3.798083e+03 4.631399e+01 4.644965e+01
15 2.469921e-02 2.439668e+00 2.346950e+00 2.200244e+01 3.673314e+03 4.641459e+01 4.655023e+01
16 2.645579e-02 2.610890e+00 2.440280e+00 2.353566e+01 3.558303e+03 4.651510e+01 4.692198e+01
17 2.821124e-02 2.781702e+00 2.538989e+00 2.507049e+01 3.444758e+03 4.661553e+01 4.702238e+01
18 2.996555e-02 2.952103e+00 2.643355e+00 2.660838e+01 3.336476e+03 4.671587e+01 4.712268e+01
19 3.171869e-02 3.122092e+00 2.753777e+00 2.815073e+01 3.232886e+03 4.681613e+01 4.722289e+01
20 3.347064e-02 3.291670e+00 2.870586e+00 2.969969e+01 3.133409e+03 4.691630e+01 4.732301e+01
21 3.522139e-02 3.460834e+00 2.993945e+00 3.125586e+01 3.038557e+03 4.701637e+01 4.742304e+01
22 3.697092e-02 3.629584e+00 3.123976e+00 3.283661e+01 2.948586e+03 4.711635e+01 4.779402e+01
23 3.871921e-02 3.797920e+00 3.261227e+00 3.443979e+01 2.861800e+03 4.721623e+01 4.789382e+01
24 4.046623e-02 3.965841e+00 3.406245e+00 3.604998e+01 2.778278e+03 4.731602e+01 4.799351e+01
25 4.221198e-02 4.133346e+00 3.559613e+00 3.766822e+01 2.697555e+03 4.741570e+01 4.809309e+01
26 4.395643e-02 4.300435e+00 3.721718e+00 3.929338e+01 2.618837e+03 4.751528e+01 4.846344e+01
27 4.569957e-02 4.467107e+00 3.893054e+00 4.094810e+01 2.543166e+03 4.761475e+01 4.856277e+01
28 4.744137e-02 4.633362e+00 4.073497e+00 4.264667e+01 2.470145e+03 4.771412e+01 4.866198e+01
29 4.918182e-02 4.799198e+00 4.263046e+00 4.435430e+01 2.400113e+03 4.781338e+01 4.876108e+01
30 5.092090e-02 4.964616e+00 4.463204e+00 4.606897e+01 2.331407e+03 4.791252e+01 4.913072e+01
31 5.265859e-02 5.129615e+00 4.674500e+00 4.779306e+01 2.265660e+03 4.801155e+01 4.922953e+01
32 5.439488e-02 5.294194e+00 4.896871e+00 4.952401e+01 2.201978e+03 4.811047e+01 4.932822e+01
33 5.612975e-02 5.458354e+00 5.131035e+00 5.130007e+01 2.139658e+03 4.820926e+01 4.969723e+01
34 5.786317e-02 5.622093e+00 5.375911e+00 5.310518e+01 2.080698e+03 4.830794e+01 4.979561e+01
35 5.959514e-02 5.785411e+00 5.632503e+00 5.491370e+01 2.023013e+03 4.840649e+01 5.016414e+01
36 6.132563e-02 5.948307e+00 5.901857e+00 5.672309e+01 1.968418e+03 4.850492e+01 5.026220e+01
37 6.305464e-02 6.110782e+00 6.182186e+00 5.853082e+01 1.916118e+03 4.860323e+01 5.036013e+01
38 6.478213e-02 6.272835e+00 6.472486e+00 6.035677e+01 1.865985e+03 4.870140e+01 5.045792e+01
39 6.650810e-02 6.434466e+00 6.773089e+00 6.221099e+01 1.817956e+03 4.879945e+01 5.055557e+01
40 6.823253e-02 6.595674e+00 7.082854e+00 6.405520e+01 1.772242e+03 4.889736e+01 5.065308e+01
41 6.995540e-02 6.756459e+00 7.401760e+00 6.588522e+01 1.728666e+03 4.899514e+01 5.075044e+01
42 7.167669e-02 6.916821e+00 7.728189e+00 6.769722e+01 1.687183e+03 4.909278e+01 5.084766e+01
43 7.339640e-02 7.076759e+00 8.060229e+00 6.950799e+01 1.647996e+03 4.919028e+01 5.094473e+01
44 7.511450e-02 7.236274e+00 8.396865e+00 7.133441e+01 1.611043e+03 4.928765e+01 5.104165e+01
45 7.683098e-02 7.395364e+00 8.735800e+00 7.313982e+01 1.576301e+03 4.938487e+01 5.113842e+01
46 7.854582e-02 7.554030e+00 9.074114e+00 7.491190e+01 1.543809e+03 4.948195e+01 5.123503e+01
47 8.025901e-02 7.712272e+00 9.410613e+00 7.664528e+01 1.512899e+03 4.957888e+01 5.160092e+01
48 8.197054e-02 7.870090e+00 9.748281e+00 7.836272e+01 1.484755e+03 4.967567e+01 5.169715e+01
49 8.368038e-02 8.027482e+00 1.007990e+01 8.006206e+01 1.458586e+03 4.977231e+01 5.179322e+01
50 8.538852e-02 8.184450e+00 1.040346e+01 8.170986e+01 1.434347e+03 4.986879e+01 5.188913e+01
51 8.709494e-02 8.340993e+00 1.071707e+01 8.332476e+01 1.411973e+03 4.996513e+01 5.198487e+01
52 8.879964e-02 8.497111e+00 1.101951e+01 8.489201e+01 1.391329e+03 5.006131e+01 5.208045e+01
53 9.050260e-02 8.652804e+00 1.130891e+01 8.643801e+01 1.372054e+03 5.015733e+01 5.244474e+01
54 9.220380e-02 8.808072e+00 1.159557e+01 8.793015e+01 1.354927e+03 5.025320e+01 5.253990e+01
55 9.390323e-02 8.962915e+00 1.186673e+01 8.935711e+01 1.339401e+03 5.034891e+01 5.263490e+01
56 9.560088e-02 9.117332e+00 1.212064e+01 9.071673e+01 1.325451e+03 5.044445e+01 5.272972e+01
57 9.729672e-02 9.271325e+00 1.235632e+01 9.200718e+01 1.312988e+03 5.053984e+01 5.282437e+01
58 9.899076e-02 9.424892e+00 1.257232e+01 9.328048e+01 1.301975e+03 5.063506e+01 5.291884e+01
59 1.006830e-01 9.578034e+00 1.276832e+01 9.451365e+01 1.292281e+03 5.073011e+01 5.301313e+01
60 1.023733e-01 9.730752e+00 1.294488e+01 9.569193e+01 1.283821e+03 5.082500e+01 5.310725e+01
61 1.040618e-01 9.883044e+00 1.310246e+01 9.680096e+01 1.276462e+03 5.091972e+01 5.320118e+01
62 1.057485e-01 1.003491e+01 1.324103e+01 9.788687e+01 1.270187e+03 5.101427e+01 5.329494e+01
63 1.074333e-01 1.018635e+01 1.338308e+01 9.896603e+01 1.264592e+03 5.110865e+01 5.365639e+01
64 1.091161e-01 1.033737e+01 1.350979e+01 1.000012e+02 1.260240e+03 5.120285e+01 5.374969e+01
65 1.107971e-01 1.048797e+01 1.362036e+01 1.010049e+02 1.256791e+03 5.129688e+01 5.384279e+01
66 1.124762e-01 1.063814e+01 1.371557e+01 1.019695e+02 1.254148e+03 5.139074e+01 5.393571e+01
67 1.141533e-01 1.078788e+01 1.379942e+01 1.029204e+02 1.251982e+03 5.148441e+01 5.429582e+01
68 1.158285e-01 1.093720e+01 1.388229e+01 1.038625e+02 1.250763e+03 5.157791e+01 5.438825e+01
69 1.175017e-01 1.108610e+01 1.395327e+01 1.047726e+02 1.249868e+03 5.167123e+01 5.474755e+01
70 1.191730e-01 1.123458e+01 1.402539e+01 1.056351e+02 1.249786e+03 5.176436e+01 5.483949e+01
71 1.208423e-01 1.138263e+01 1.408494e+01 1.064421e+02 1.250216e+03 5.185732e+01 5.493124e+01
72 1.225096e-01 1.153026e+01 1.414543e+01 1.072343e+02 1.250911e+03 5.195008e+01 5.528940e+01
73 1.241749e-01 1.167746e+01 1.419666e+01 1.079838e+02 1.252335e+03 5.204267e+01 5.538064e+01
74 1.258382e-01 1.182425e+01 1.424391e+01 1.086829e+02 1.253954e+03 5.213506e+01 5.573793e+01
75 1.274994e-01 1.197061e+01 1.428814e+01 1.093328e+02 1.256242e+03 5.222727e+01 5.582866e+01
76 1.291587e-01 1.211655e+01 1.432241e+01 1.099356e+02 1.258923e+03 5.231929e+01 5.591918e+01
77 1.308158e-01 1.226207e+01 1.435833e+01 1.105383e+02 1.261721e+03 5.241112e+01 5.627527e+01
78 1.324710e-01 1.240716e+01 1.438642e+01 1.110971e+02 1.265119e+03 5.250276e+01 5.636526e+01
79 1.341240e-01 1.255184e+01 1.440697e+01 1.116135e+02 1.268589e+03 5.259420e+01 5.672043e+01
80 1.357750e-01 1.269610e+01 1.442943e+01 1.120973e+02 1.272639e+03 5.268545e+01 5.680989e+01
81 1.374239e-01 1.283994e+01 1.444386e+01 1.125506e+02 1.276971e+03 5.277651e+01 5.689914e+01
82 1.390707e-01 1.298335e+01 1.445038e+01 1.130034e+02 1.281596e+03 5.286737e+01 5.698817e+01
83 1.407154e-01 1.312635e+01 1.445029e+01 1.134197e+02 1.286448e+03 5.295803e+01 5.707699e+01
84 1.423580e-01 1.326893e+01 1.444423e+01 1.138009e+02 1.291587e+03 5.304850e+01 5.716560e+01
85 1.439985e-01 1.341110e+01 1.442698e+01 1.141704e+02 1.296979e+03 5.313876e+01 5.725399e+01
86 1.456368e-01 1.355284e+01 1.440020e+01 1.145232e+02 1.302524e+03 5.322883e+01 5.734216e+01
87 1.472730e-01 1.369417e+01 1.437024e+01 1.149016e+02 1.308153e+03 5.331869e+01 5.743012e+01
88 1.489070e-01 1.383508e+01 1.433741e+01 1.152583e+02 1.313915e+03 5.340835e+01 5.751785e+01
89 1.505389e-01 1.397557e+01 1.430270e+01 1.156022e+02 1.319736e+03 5.349781e+01 5.760537e+01
90 1.521686e-01 1.411565e+01 1.426657e+01 1.159298e+02 1.325572e+03 5.358707e+01 5.769266e+01
91 1.537961e-01 1.425532e+01 1.422956e+01 1.162485e+02 1.331383e+03 5.367612e+01 5.777973e+01
92 1.554215e-01 1.439457e+01 1.419218e+01 1.165887e+02 1.337148e+03 5.376496e+01 5.786659e+01
93 1.570446e-01 1.453341e+01 1.415489e+01 1.169123e+02 1.342848e+03 5.385360e+01 5.795321e+01
94 1.586655e-01 1.467183e+01 1.411792e+01 1.172261e+02 1.348465e+03 5.394202e+01 5.803962e+01
95 1.602843e-01 1.480984e+01 1.408197e+01 1.175230e+02 1.353956e+03 5.403024e+01 5.812580e+01
96 1.619007e-01 1.494744e+01 1.404754e+01 1.178118e+02 1.359278e+03 5.411826e+01 5.821176e+01
97 1.635150e-01 1.508463e+01 1.402028e+01 1.181230e+02 1.364761e+03 5.420606e+01 5.803434e+01
98 1.651271e-01 1.522140e+01 1.399544e+01 1.184137e+02 1.369758e+03 5.429365e+01 5.811998e+01
99 1.667369e-01 1.535777e+01 1.397264e+01 1.186849e+02 1.374509e+03 5.438102e+01 5.820539e+01
100 1.683444e-01 1.549373e+01 1.395171e+01 1.189376e+02 1.379038e+03 5.446819e+01 5.829057e+01
101 1.699497e-01 1.562927e+01 1.393272e+01 1.191726e+02 1.383343e+03 5.455514e+01 5.837553e+01
102 1.715527e-01 1.576441e+01 1.391554e+01 1.194205e+02 1.387435e+03 5.464188e+01 5.846026e+01
103 1.731535e-01 1.589914e+01 1.390015e+01 1.196610e+02 1.391289e+03 5.472841e+01 5.854477e+01
104 1.747519e-01 1.603347e+01 1.388695e+01 1.198869e+02 1.394852e+03 5.481472e+01 5.862904e+01
105 1.763481e-01 1.616739e+01 1.387534e+01 1.200990e+02 1.398271e+03 5.490081e+01 5.871309e+01
106 1.779420e-01 1.630090e+01 1.386527e+01 1.202978e+02 1.401484e+03 5.498669e+01 5.879691e+01
107 1.795336e-01 1.643401e+01 1.385683e+01 1.204836e+02 1.404459e+03 5.507235e+01 5.888049e+01
108 1.811229e-01 1.656672e+01 1.384982e+01 1.206737e+02 1.407226e+03 5.515779e+01 5.896385e+01
109 1.827099e-01 1.669902e+01 1.384412e+01 1.208531e+02 1.409795e+03 5.524301e+01 5.904698e+01
110 1.842946e-01 1.683092e+01 1.383151e+01 1.210221e+02 1.412252e+03 5.532802e+01 5.912987e+01
111 1.858769e-01 1.696242e+01 1.381945e+01 1.211811e+02 1.414566e+03 5.541281e+01 5.921253e+01
112 1.874569e-01 1.709352e+01 1.380872e+01 1.213302e+02 1.416697e+03 5.549737e+01 5.929496e+01
113 1.890346e-01 1.722421e+01 1.379899e+01 1.215018e+02 1.418690e+03 5.558172e+01 5.937716e+01
114 1.906100e-01 1.735451e+01 1.378989e+01 1.216672e+02 1.420574e+03 5.566584e+01 5.945913e+01
115 1.921830e-01 1.748441e+01 1.378169e+01 1.218242e+02 1.422325e+03 5.574975e+01 5.954086e+01
116 1.937536e-01 1.761392e+01 1.377383e+01 1.219731e+02 1.424008e+03 5.583343e+01 5.962236e+01
117 1.953219e-01 1.774302e+01 1.376662e+01 1.221140e+02 1.425595e+03 5.591689e+01 5.970362e+01
118 1.968879e-01 1.787173e+01 1.375969e+01 1.222568e+02 1.427129e+03 5.600013e+01 5.978465e+01
119 1.984515e-01 1.800004e+01 1.375287e+01 1.224148e+02 1.428593e+03 5.608314e+01 5.986545e+01
120 2.000127e-01 1.812796e+01 1.374615e+01 1.225658e+02 1.430022e+03 5.616593e+01 5.994601e+01
121 2.015715e-01 1.825549e+01 1.373982e+01 1.227097e+02 1.431411e+03 5.624850e+01 6.002634e+01
122 2.031280e-01 1.838262e+01 1.373349e+01 1.228466e+02 1.432754e+03 5.633084e+01 6.010644e+01
123 2.046821e-01 1.850937e+01 1.372695e+01 1.229861e+02 1.434065e+03 5.641296e+01 6.018629e+01
124 2.062338e-01 1.863572e+01 1.372037e+01 1.231351e+02 1.435423e+03 5.649486e+01 6.026592e+01
125 2.077831e-01 1.876168e+01 1.371366e+01 1.232926e+02 1.436798e+03 5.657653e+01 6.034530e+01
126 2.093301e-01 1.888725e+01 1.370654e+01 1.234528e+02 1.438204e+03 5.665797e+01 6.042445e+01
127 2.108746e-01 1.901244e+01 1.369906e+01 1.236064e+02 1.439607e+03 5.673919e+01 6.050337e+01
128 2.124167e-01 1.913723e+01 1.369125e+01 1.237548e+02 1.441008e+03 5.682018e+01 6.058205e+01
129 2.139564e-01 1.926165e+01 1.368310e+01 1.239047e+02 1.442468e+03 5.690095e+01 6.066049e+01
130 2.154938e-01 1.938567e+01 1.367458e+01 1.240657e+02 1.443936e+03 5.698149e+01 6.073870e+01
131 2.170287e-01 1.950931e+01 1.366541e+01 1.242346e+02 1.445438e+03 5.706180e+01 6.081667e+01
132 2.185612e-01 1.963257e+01 1.365592e+01 1.244045e+02 1.446984e+03 5.714189e+01 6.089441e+01
133 2.200913e-01 1.975544e+01 1.364588e+01 1.245680e+02 1.448571e+03 5.722175e+01 6.097191e+01
134 2.216189e-01 1.987794e+01 1.363520e+01 1.247292e+02 1.450209e+03 5.730138e+01 6.104917e+01
135 2.231442e-01 2.000005e+01 1.362374e+01 1.248895e+02 1.451910e+03 5.738079e+01 6.112620e+01
136 2.246670e-01 2.012178e+01 1.361159e+01 1.250576e+02 1.453629e+03 5.745997e+01 6.120299e+01
137 2.261874e-01 2.024314e+01 1.359898e+01 1.252391e+02 1.455413e+03 5.753892e+01 6.127954e+01
138 2.277053e-01 2.036411e+01 1.358749e+01 1.254182e+02 1.456874e+03 5.761764e+01 6.161286e+01
139 2.292209e-01 2.048471e+01 1.357692e+01 1.255912e+02 1.458800e+03 5.769614e+01 6.168877e+01
140 2.307340e-01 2.060493e+01 1.356566e+01 1.257578e+02 1.460796e+03 5.777441e+01 6.176445e+01
141 2.322446e-01 2.072478e+01 1.355396e+01 1.259181e+02 1.462813e+03 5.785245e+01 6.183989e+01
142 2.337529e-01 2.084426e+01 1.354139e+01 1.260783e+02 1.464856e+03 5.793026e+01 6.191510e+01
143 2.352586e-01 2.096336e+01 1.352929e+01 1.262526e+02 1.466555e+03 5.800784e+01 6.224608e+01
144 2.367620e-01 2.108209e+01 1.351882e+01 1.264177e+02 1.468694e+03 5.808520e+01 6.232064e+01
145 2.382629e-01 2.120045e+01 1.350752e+01 1.265629e+02 1.470861e+03 5.816233e+01 6.239497e+01
146 2.397613e-01 2.131844e+01 1.349552e+01 1.267020e+02 1.473092e+03 5.823923e+01 6.246906e+01
147 2.412573e-01 2.143606e+01 1.348288e+01 1.268351e+02 1.475402e+03 5.831590e+01 6.254292e+01
148 2.427509e-01 2.155331e+01 1.347047e+01 1.269620e+02 1.477355e+03 5.839234e+01 6.287154e+01
149 2.442420e-01 2.167020e+01 1.346001e+01 1.271028e+02 1.479709e+03 5.846856e+01 6.294475e+01
150 2.457307e-01 2.178672e+01 1.344894e+01 1.272433e+02 1.482050e+03 5.854455e+01 6.301772e+01
151 2.472169e-01 2.190287e+01 1.343706e+01 1.273781e+02 1.484447e+03 5.862031e+01 6.309046e+01
152 2.487006e-01 2.201866e+01 1.342461e+01 1.275073e+02 1.486841e+03 5.869584e+01 6.316296e+01
153 2.501819e-01 2.213409e+01 1.341296e+01 1.276307e+02 1.488838e+03 5.877115e+01 6.348920e+01
154 2.516608e-01 2.224916e+01 1.340314e+01 1.277528e+02 1.491217e+03 5.884623e+01 6.356106e+01
155 2.531372e-01 2.236386e+01 1.339249e+01 1.278753e+02 1.493626e+03 5.892108e+01 6.363268e+01
156 2.546111e-01 2.247821e+01 1.338158e+01 1.280130e+02 1.496067e+03 5.899570e+01 6.370407e+01
157 2.560826e-01 2.259220e+01 1.337049e+01 1.281456e+02 1.498517e+03 5.907009e+01 6.377522e+01
158 2.575516e-01 2.270583e+01 1.335990e+01 1.282730e+02 1.500634e+03 5.914426e+01 6.409906e+01
159 2.590182e-01 2.281910e+01 1.335131e+01 1.283933e+02 1.503102e+03 5.921820e+01 6.416957e+01
160 2.604823e-01 2.293202e+01 1.334253e+01 1.284947e+02 1.505555e+03 5.929192e+01 6.423984e+01
161 2.619440e-01 2.304459e+01 1.333338e+01 1.285910e+02 1.508014e+03 5.936541e+01 6.430988e+01
162 2.634032e-01 2.315680e+01 1.332408e+01 1.286887e+02 1.510482e+03 5.943867e+01 6.437968e+01
163 2.648599e-01 2.326866e+01 1.331451e+01 1.287983e+02 1.512975e+03 5.951170e+01 6.444925e+01
164 2.663142e-01 2.338016e+01 1.330468e+01 1.289116e+02 1.515497e+03 5.958451e+01 6.451859e+01
165 2.677660e-01 2.349132e+01 1.329462e+01 1.290213e+02 1.518015e+03 5.965710e+01 6.458769e+01
166 2.692154e-01 2.360213e+01 1.328457e+01 1.291329e+02 1.520549e+03 5.972945e+01 6.465656e+01
167 2.706623e-01 2.371259e+01 1.327444e+01 1.292426e+02 1.523114e+03 5.980158e+01 6.472520e+01
168 2.721067e-01 2.382270e+01 1.326406e+01 1.293527e+02 1.525675e+03 5.987349e+01 6.479360e+01
169 2.735487e-01 2.393247e+01 1.325369e+01 1.294665e+02 1.528224e+03 5.994517e+01 6.486177e+01
170 2.749883e-01 2.404190e+01 1.324328e+01 1.295969e+02 1.530795e+03 6.001663e+01 6.492971e+01
171 2.764253e-01 2.415098e+01 1.323274e+01 1.297285e+02 1.533364e+03 6.008786e+01 6.499742e+01
172 2.778600e-01 2.425971e+01 1.322213e+01 1.298582e+02 1.535951e+03 6.015887e+01 6.506490e+01
173 2.792922e-01 2.436811e+01 1.321149e+01 1.299904e+02 1.538576e+03 6.022965e+01 6.513215e+01
174 2.807219e-01 2.447616e+01 1.320072e+01 1.301193e+02 1.541190e+03 6.030021e+01 6.519917e+01
175 2.821492e-01 2.458388e+01 1.318979e+01 1.302519e+02 1.543812e+03 6.037055e+01 6.526596e+01
176 2.835740e-01 2.469126e+01 1.317892e+01 1.303803e+02 1.546452e+03 6.044067e+01 6.533252e+01
177 2.849963e-01 2.479830e+01 1.316802e+01 1.305223e+02 1.549099e+03 6.051056e+01 6.539885e+01
178 2.864163e-01 2.490500e+01 1.315712e+01 1.306632e+02 1.551763e+03 6.058023e+01 6.546495e+01
179 2.878337e-01 2.501137e+01 1.314608e+01 1.308003e+02 1.554446e+03 6.064967e+01 6.553083e+01
180 2.892488e-01 2.511741e+01 1.313495e+01 1.309335e+02 1.557138e+03 6.071890e+01 6.559647e+01
181 2.906614e-01 2.522311e+01 1.312376e+01 1.310628e+02 1.559820e+03 6.078790e+01 6.566190e+01
182 2.920715e-01 2.532849e+01 1.311262e+01 1.311882e+02 1.562514e+03 6.085668e+01 6.572709e+01
183 2.934792e-01 2.543353e+01 1.310141e+01 1.313074e+02 1.565230e+03 6.092524e+01 6.579206e+01
184 2.948845e-01 2.553824e+01 1.309005e+01 1.314180e+02 1.567950e+03 6.099359e+01 6.585680e+01
185 2.962873e-01 2.564262e+01 1.307860e+01 1.315387e+02 1.570671e+03 6.106171e+01 6.592132e+01
186 2.976877e-01 2.574668e+01 1.306712e+01 1.316558e+02 1.573401e+03 6.112961e+01 6.598562e+01
187 2.990856e-01 2.585041e+01 1.305043e+01 1.317695e+02 1.576153e+03 6.119729e+01 6.604969e+01
188 3.004811e-01 2.595381e+01 1.303186e+01 1.318795e+02 1.578919e+03 6.126475e+01 6.611354e+01
189 3.018742e-01 2.605689e+01 1.301327e+01 1.319861e+02 1.581708e+03 6.133200e+01 6.617716e+01
190 3.032648e-01 2.615965e+01 1.299461e+01 1.320890e+02 1.584484e+03 6.139903e+01 6.624056e+01
191 3.046531e-01 2.626208e+01 1.297611e+01 1.321883e+02 1.587250e+03 6.146584e+01 6.630374e+01
192 3.060389e-01 2.636420e+01 1.295754e+01 1.322920e+02 1.590034e+03 6.153243e+01 6.636670e+01
193 3.074222e-01 2.646599e+01 1.293899e+01 1.324026e+02 1.592840e+03 6.159880e+01 6.642944e+01
194 3.088032e-01 2.656747e+01 1.292038e+01 1.325098e+02 1.595660e+03 6.166496e+01 6.649196e+01
195 3.101817e-01 2.666863e+01 1.290175e+01 1.326138e+02 1.598495e+03 6.173090e+01 6.655426e+01
196 3.115578e-01 2.676947e+01 1.288310e+01 1.327144e+02 1.601318e+03 6.179663e+01 6.661634e+01
197 3.129315e-01 2.687000e+01 1.286436e+01 1.328116e+02 1.604146e+03 6.186214e+01 6.667820e+01
198 3.143028e-01 2.697021e+01 1.284554e+01 1.329055e+02 1.606973e+03 6.192744e+01 6.673984e+01
199 3.156717e-01 2.707011e+01 1.282665e+01 1.330007e+02 1.609803e+03 6.199252e+01 6.680127e+01
200 3.170381e-01 2.716970e+01 1.280774e+01 1.330996e+02 1.612610e+03 6.205739e+01 6.686248e+01
201 3.184022e-01 2.726898e+01 1.278875e+01 1.332132e+02 1.615423e+03 6.212205e+01 6.692347e+01
202 3.197639e-01 2.736795e+01 1.276973e+01 1.333249e+02 1.618220e+03 6.218649e+01 6.698425e+01
203 3.211231e-01 2.746660e+01 1.275249e+01 1.334397e+02 1.621471e+03 6.225072e+01 6.680002e+01
204 3.224800e-01 2.756496e+01 1.273723e+01 1.335520e+02 1.624287e+03 6.231474e+01 6.686055e+01
205 3.238344e-01 2.766300e+01 1.272188e+01 1.336672e+02 1.627106e+03 6.237855e+01 6.692087e+01
206 3.251865e-01 2.776074e+01 1.270629e+01 1.337802e+02 1.629926e+03 6.244215e+01 6.698098e+01
207 3.265362e-01 2.785817e+01 1.269053e+01 1.338952e+02 1.632733e+03 6.250553e+01 6.704087e+01
208 3.278835e-01 2.795530e+01 1.267463e+01 1.340066e+02 1.635517e+03 6.256871e+01 6.710055e+01
209 3.292284e-01 2.805213e+01 1.265859e+01 1.341276e+02 1.638285e+03 6.263168e+01 6.716002e+01
210 3.305709e-01 2.814866e+01 1.264239e+01 1.342484e+02 1.641033e+03 6.269443e+01 6.721928e+01
211 3.319111e-01 2.824489e+01 1.262600e+01 1.343659e+02 1.643769e+03 6.275698e+01 6.727833e+01
212 3.332488e-01 2.834081e+01 1.260943e+01 1.344801e+02 1.646492e+03 6.281933e+01 6.733717e+01
213 3.345842e-01 2.843644e+01 1.259265e+01 1.345910e+02 1.649198e+03 6.288146e+01 6.739580e+01
214 3.359173e-01 2.853178e+01 1.257042e+01 1.346892e+02 1.652029e+03 6.294339e+01 6.745422e+01
215 3.372479e-01 2.862681e+01 1.254810e+01 1.347841e+02 1.654850e+03 6.300511e+01 6.751243e+01
216 3.385763e-01 2.872156e+01 1.252567e+01 1.348757e+02 1.657647e+03 6.306662e+01 6.757044e+01
217 3.399022e-01 2.881601e+01 1.250311e+01 1.349639e+02 1.660433e+03 6.312793e+01 6.762823e+01
218 3.412258e-01 2.891016e+01 1.248047e+01 1.350639e+02 1.663198e+03 6.318904e+01 6.768583e+01
219 3.425470e-01 2.900403e+01 1.245775e+01 1.351610e+02 1.665966e+03 6.324994e+01 6.774322e+01
220 3.438659e-01 2.909760e+01 1.243491e+01 1.352550e+02 1.668716e+03 6.331064e+01 6.780040e+01
221 3.451825e-01 2.919089e+01 1.241195e+01 1.353459e+02 1.671449e+03 6.337113e+01 6.785738e+01
222 3.464967e-01 2.928388e+01 1.238891e+01 1.354338e+02 1.674162e+03 6.343142e+01 6.791415e+01
223 3.478085e-01 2.937659e+01 1.236573e+01 1.355185e+02 1.676885e+03 6.349151e+01 6.797073e+01
224 3.491180e-01 2.946901e+01 1.234246e+01 1.356000e+02 1.679634e+03 6.355140e+01 6.802710e+01
225 3.504252e-01 2.956115e+01 1.231910e+01 1.356785e+02 1.682390e+03 6.361109e+01 6.808326e+01
226 3.517301e-01 2.965300e+01 1.229564e+01 1.357539e+02 1.685100e+03 6.367057e+01 6.813923e+01
227 3.530326e-01 2.974457e+01 1.227207e+01 1.358383e+02 1.687796e+03 6.372986e+01 6.819500e+01
228 3.543328e-01 2.983586e+01 1.224841e+01 1.359215e+02 1.690474e+03 6.378895e+01 6.825057e+01
229 3.556307e-01 2.992687e+01 1.222465e+01 1.360034e+02 1.693151e+03 6.384784e+01 6.830593e+01
230 3.569263e-01 3.001759e+01 1.220078e+01 1.360866e+02 1.695825e+03 6.390653e+01 6.836110e+01
231 3.582196e-01 3.010804e+01 1.217680e+01 1.361730e+02 1.698513e+03 6.396502e+01 6.841608e+01
232 3.595105e-01 3.019821e+01 1.215273e+01 1.362765e+02 1.701185e+03 6.402331e+01 6.847085e+01
233 3.607992e-01 3.028810e+01 1.212858e+01 1.363819e+02 1.703834e+03 6.408141e+01 6.852543e+01
234 3.620856e-01 3.037772e+01 1.210433e+01 1.364870e+02 1.706494e+03 6.413932e+01 6.857981e+01
235 3.633696e-01 3.046706e+01 1.208005e+01 1.365951e+02 1.709192e+03 6.419703e+01 6.863400e+01
236 3.646514e-01 3.055613e+01 1.205557e+01 1.367029e+02 1.711882e+03 6.425454e+01 6.868799e+01
237 3.659309e-01 3.064493e+01 1.203232e+01 1.368124e+02 1.713915e+03 6.431186e+01 6.898021e+01
238 3.672081e-01 3.073345e+01 1.200905e+01 1.369144e+02 1.716580e+03 6.436898e+01 6.903363e+01
239 3.684830e-01 3.082170e+01 1.198573e+01 1.370136e+02 1.719244e+03 6.442592e+01 6.908685e+01
240 3.697556e-01 3.090969e+01 1.196231e+01 1.371111e+02 1.721929e+03 6.448266e+01 6.913989e+01
241 3.710260e-01 3.099740e+01 1.193871e+01 1.372072e+02 1.724619e+03 6.453920e+01 6.919273e+01
242 3.722941e-01 3.108485e+01 1.191520e+01 1.373032e+02 1.726589e+03 6.459556e+01 6.948270e+01
243 3.735599e-01 3.117203e+01 1.189273e+01 1.373976e+02 1.729178e+03 6.465173e+01 6.953498e+01
244 3.748235e-01 3.125894e+01 1.187012e+01 1.374904e+02 1.731766e+03 6.470770e+01 6.958706e+01
245 3.760848e-01 3.134559e+01 1.184736e+01 1.375815e+02 1.734420e+03 6.476349e+01 6.963895e+01
246 3.773439e-01 3.143198e+01 1.182447e+01 1.376711e+02 1.737097e+03 6.481909e+01 6.969066e+01
247 3.786007e-01 3.151810e+01 1.180148e+01 1.377590e+02 1.739707e+03 6.487450e+01 6.974218e+01
248 3.798553e-01 3.160396e+01 1.177891e+01 1.378454e+02 1.741543e+03 6.492972e+01 7.002955e+01
249 3.811076e-01 3.168956e+01 1.175688e+01 1.379303e+02 1.744139e+03 6.498476e+01 7.008051e+01
250 3.823577e-01 3.177490e+01 1.173476e+01 1.380141e+02 1.746793e+03 6.503960e+01 7.013129e+01
251 3.836056e-01 3.185999e+01 1.171249e+01 1.380922e+02 1.749480e+03 6.509427e+01 7.018188e+01
252 3.848512e-01 3.194481e+01 1.168995e+01 1.381666e+02 1.752109e+03 6.514874e+01 7.023228e+01
253 3.860946e-01 3.202938e+01 1.166725e+01 1.382396e+02 1.754771e+03 6.520304e+01 7.028250e+01
254 3.873358e-01 3.211369e+01 1.164535e+01 1.383111e+02 1.756567e+03 6.525715e+01 7.056729e+01
255 3.885748e-01 3.219775e+01 1.162356e+01 1.383811e+02 1.759213e+03 6.531107e+01 7.061696e+01
256 3.898115e-01 3.228155e+01 1.160151e+01 1.384497e+02 1.761851e+03 6.536481e+01 7.066645e+01
257 3.910461e-01 3.236510e+01 1.157920e+01 1.385205e+02 1.764421e+03 6.541837e+01 7.071576e+01
258 3.922784e-01 3.244840e+01 1.155677e+01 1.385917e+02 1.767030e+03 6.547175e+01 7.076489e+01
259 3.935086e-01 3.253145e+01 1.153422e+01 1.386634e+02 1.768689e+03 6.552495e+01 7.104748e+01
260 3.947366e-01 3.261425e+01 1.151133e+01 1.387371e+02 1.772212e+03 6.557796e+01 7.086262e+01
261 3.959623e-01 3.269679e+01 1.148828e+01 1.388111e+02 1.774752e+03 6.563080e+01 7.091121e+01
262 3.971859e-01 3.277910e+01 1.146497e+01 1.388860e+02 1.777259e+03 6.568345e+01 7.095963e+01
263 3.984073e-01 3.286115e+01 1.144136e+01 1.389625e+02 1.779848e+03 6.573593e+01 7.100787e+01
264 3.996265e-01 3.294296e+01 1.141754e+01 1.390381e+02 1.782412e+03 6.578823e+01 7.105593e+01
265 4.008436e-01 3.302452e+01 1.139358e+01 1.391122e+02 1.784952e+03 6.584036e+01 7.110382e+01
266 4.020585e-01 3.310584e+01 1.136943e+01 1.391849e+02 1.787449e+03 6.589230e+01 7.115154e+01
267 4.032712e-01 3.318691e+01 1.134497e+01 1.392562e+02 1.789983e+03 6.594407e+01 7.119908e+01
268 4.044818e-01 3.326775e+01 1.132012e+01 1.393261e+02 1.792597e+03 6.599566e+01 7.124645e+01
269 4.056902e-01 3.334834e+01 1.129509e+01 1.393946e+02 1.795234e+03 6.604708e+01 7.129364e+01
270 4.068965e-01 3.342869e+01 1.126993e+01 1.394588e+02 1.797866e+03 6.609833e+01 7.134066e+01
271 4.081006e-01 3.350880e+01 1.124452e+01 1.395198e+02 1.800448e+03 6.614940e+01 7.138751e+01
272 4.093025e-01 3.358867e+01 1.121887e+01 1.395794e+02 1.803053e+03 6.620029e+01 7.143419e+01
273 4.105024e-01 3.366831e+01 1.119279e+01 1.396377e+02 1.805649e+03 6.625102e+01 7.148070e+01
274 4.117001e-01 3.374771e+01 1.116641e+01 1.396945e+02 1.808381e+03 6.630157e+01 7.152705e+01
275 4.128957e-01 3.382687e+01 1.113975e+01 1.397500e+02 1.811065e+03 6.635195e+01 7.157322e+01
276 4.140891e-01 3.390579e+01 1.111288e+01 1.398042e+02 1.813755e+03 6.640216e+01 7.161922e+01
277 4.152804e-01 3.398449e+01 1.108588e+01 1.398570e+02 1.816495e+03 6.645220e+01 7.166506e+01
278 4.164697e-01 3.406295e+01 1.105865e+01 1.399085e+02 1.819250e+03 6.650207e+01 7.171073e+01
279 4.176568e-01 3.414118e+01 1.103094e+01 1.399587e+02 1.821919e+03 6.655177e+01 7.175623e+01
280 4.188418e-01 3.421917e+01 1.100290e+01 1.400076e+02 1.824541e+03 6.660130e+01 7.180157e+01
281 4.200247e-01 3.429694e+01 1.097467e+01 1.400552e+02 1.827319e+03 6.665066e+01 7.184675e+01
282 4.212055e-01 3.437448e+01 1.094619e+01 1.401027e+02 1.830098e+03 6.669986e+01 7.189176e+01
283 4.223842e-01 3.445178e+01 1.091748e+01 1.401510e+02 1.832882e+03 6.674889e+01 7.193660e+01
284 4.235608e-01 3.452887e+01 1.088856e+01 1.402009e+02 1.835672e+03 6.679775e+01 7.198129e+01
285 4.247354e-01 3.460572e+01 1.085931e+01 1.402518e+02 1.838459e+03 6.684645e+01 7.202581e+01
286 4.259078e-01 3.468235e+01 1.082963e+01 1.403037e+02 1.841214e+03 6.689499e+01 7.207017e+01
287 4.270782e-01 3.475875e+01 1.079832e+01 1.403560e+02 1.843987e+03 6.694335e+01 7.211436e+01
288 4.282466e-01 3.483493e+01 1.076445e+01 1.404070e+02 1.846841e+03 6.699156e+01 7.215840e+01
289 4.294128e-01 3.491088e+01 1.073039e+01 1.404568e+02 1.849832e+03 6.703960e+01 7.220228e+01
290 4.305770e-01 3.498662e+01 1.069617e+01 1.405055e+02 1.852883e+03 6.708748e+01 7.224600e+01
291 4.317392e-01 3.506213e+01 1.066167e+01 1.405529e+02 1.855928e+03 6.713520e+01 7.228956e+01
