# it strain shortening ε_f δT D θ θc
1 0.000000e+00 0.000000e+00 1.231226e+00 5.684342e-14 7.167821e+03 4.198194e+01 4.516437e+01
2 1.770244e-03 1.768678e-01 1.267934e+00 1.343416e+00 7.022728e+03 4.265533e+01 4.523268e+01
3 3.539646e-03 3.533389e-01 1.303550e+00 2.670866e+00 6.810334e+03 4.311834e+01 4.515648e+01
4 5.308184e-03 5.294120e-01 1.340112e+00 3.975813e+00 6.618985e+03 4.350765e+01 4.510217e+01
5 7.075837e-03 7.050863e-01 1.380005e+00 5.267245e+00 6.429046e+03 4.389567e+01 4.506849e+01
6 8.842586e-03 8.803605e-01 1.420417e+00 6.532794e+00 6.224084e+03 4.423065e+01 4.523635e+01
7 1.060841e-02 1.055234e+00 1.463481e+00 7.782195e+00 6.008028e+03 4.452527e+01 4.554317e+01
8 1.237328e-02 1.229705e+00 1.538615e+00 9.228177e+00 5.768007e+03 4.639571e+01 4.577482e+01
9 1.413719e-02 1.403773e+00 1.611970e+00 1.065466e+01 5.467305e+03 4.754462e+01 4.587308e+01
10 1.590012e-02 1.577438e+00 1.676768e+00 1.199389e+01 5.173129e+03 4.823325e+01 4.576380e+01
11 1.766203e-02 1.750697e+00 1.744504e+00 1.331737e+01 4.950847e+03 4.883555e+01 4.604100e+01
12 1.942292e-02 1.923551e+00 1.804028e+00 1.452853e+01 4.787060e+03 4.916736e+01 4.612205e+01
13 2.118276e-02 2.095998e+00 1.871282e+00 1.582418e+01 4.618826e+03 4.944799e+01 4.636271e+01
14 2.294153e-02 2.268037e+00 1.934601e+00 1.712400e+01 4.479731e+03 4.952757e+01 4.640229e+01
15 2.469921e-02 2.439668e+00 1.999630e+00 1.840840e+01 4.352164e+03 4.938119e+01 4.648523e+01
16 2.645579e-02 2.610890e+00 2.060694e+00 1.962264e+01 4.222857e+03 4.613642e+01 4.632375e+01
17 2.821124e-02 2.781702e+00 2.760195e+00 2.691422e+01 3.224126e+03 4.320169e+01 4.711681e+01
18 2.996555e-02 2.952103e+00 2.913236e+00 2.876617e+01 3.094245e+03 4.365115e+01 4.622100e+01
19 3.171869e-02 3.122092e+00 3.059596e+00 3.050565e+01 2.988314e+03 4.384070e+01 4.681100e+01
20 3.347064e-02 3.291670e+00 3.229039e+00 3.231297e+01 2.886695e+03 4.442089e+01 4.798730e+01
21 3.522139e-02 3.460834e+00 3.378182e+00 3.391507e+01 2.795992e+03 4.423847e+01 4.718176e+01
22 3.697092e-02 3.629584e+00 3.540441e+00 3.552252e+01 2.709527e+03 4.441314e+01 4.726686e+01
23 3.871921e-02 3.797920e+00 3.690174e+00 3.716089e+01 2.638424e+03 4.467399e+01 4.733327e+01
24 4.046623e-02 3.965841e+00 3.889652e+00 3.882803e+01 2.560629e+03 4.483761e+01 4.770796e+01
25 4.221198e-02 4.133346e+00 4.073380e+00 4.048769e+01 2.490747e+03 4.514353e+01 4.786977e+01
26 4.395643e-02 4.300435e+00 4.324702e+00 4.221683e+01 2.415466e+03 4.559881e+01 4.826889e+01
27 4.569957e-02 4.467107e+00 4.516416e+00 4.355597e+01 2.344594e+03 4.548641e+01 4.857961e+01
28 4.744137e-02 4.633362e+00 4.716449e+00 4.527133e+01 2.282374e+03 4.557044e+01 4.871395e+01
29 4.918182e-02 4.799198e+00 4.932592e+00 4.726263e+01 2.228809e+03 4.601741e+01 4.885375e+01
30 5.092090e-02 4.964616e+00 5.151463e+00 4.894574e+01 2.170161e+03 4.627513e+01 4.890097e+01
31 5.265859e-02 5.129615e+00 5.371353e+00 5.029022e+01 2.108841e+03 4.637592e+01 4.956533e+01
32 5.439488e-02 5.294194e+00 5.615883e+00 5.189093e+01 2.050450e+03 4.683032e+01 4.978816e+01
33 5.612975e-02 5.458354e+00 5.906958e+00 5.330114e+01 1.990738e+03 4.694564e+01 5.041751e+01
34 5.786317e-02 5.622093e+00 6.176742e+00 5.501870e+01 1.938345e+03 4.708101e+01 5.082693e+01
35 5.959514e-02 5.785411e+00 6.448406e+00 5.678458e+01 1.888294e+03 4.730542e+01 5.095631e+01
36 6.132563e-02 5.948307e+00 6.744487e+00 5.849940e+01 1.837740e+03 4.778396e+01 5.089609e+01
37 6.305464e-02 6.110782e+00 7.117282e+00 5.997308e+01 1.784188e+03 4.776474e+01 5.029759e+01
38 6.478213e-02 6.272835e+00 7.399088e+00 6.174149e+01 1.740368e+03 4.781684e+01 5.061509e+01
39 6.650810e-02 6.434466e+00 7.705242e+00 6.350805e+01 1.695473e+03 4.792757e+01 5.076127e+01
40 6.823253e-02 6.595674e+00 8.016505e+00 6.531770e+01 1.653346e+03 4.787965e+01 5.104411e+01
41 6.995540e-02 6.756459e+00 8.344582e+00 6.702529e+01 1.611476e+03 4.805429e+01 5.109997e+01
42 7.167669e-02 6.916821e+00 8.678059e+00 6.871641e+01 1.570580e+03 4.832688e+01 5.118669e+01
43 7.339640e-02 7.076759e+00 9.010694e+00 7.038199e+01 1.532604e+03 4.872829e+01 5.128461e+01
44 7.511450e-02 7.236274e+00 9.343422e+00 7.208974e+01 1.498121e+03 4.888125e+01 5.141773e+01
45 7.683098e-02 7.395364e+00 9.687689e+00 7.388765e+01 1.466935e+03 4.887611e+01 5.171138e+01
46 7.854582e-02 7.554030e+00 1.003462e+01 7.571143e+01 1.439360e+03 4.887651e+01 5.205899e+01
47 8.025901e-02 7.712272e+00 1.043976e+01 7.811916e+01 1.415637e+03 4.909353e+01 5.294291e+01
48 8.197054e-02 7.870090e+00 1.080460e+01 7.977334e+01 1.390996e+03 4.912363e+01 5.318677e+01
49 8.368038e-02 8.027482e+00 1.084605e+01 8.097794e+01 1.370970e+03 4.927865e+01 5.196734e+01
50 8.538852e-02 8.184450e+00 1.112006e+01 8.252119e+01 1.350646e+03 4.941084e+01 5.215250e+01
51 8.709494e-02 8.340993e+00 1.140032e+01 8.404782e+01 1.331787e+03 4.954129e+01 5.269069e+01
52 8.879964e-02 8.497111e+00 1.164951e+01 8.550338e+01 1.314582e+03 4.961965e+01 5.294629e+01
53 9.050260e-02 8.652804e+00 1.184787e+01 8.700593e+01 1.303139e+03 4.988304e+01 5.294551e+01
54 9.220380e-02 8.808072e+00 1.214234e+01 8.856444e+01 1.288274e+03 4.990195e+01 5.293592e+01
55 9.390323e-02 8.962915e+00 1.242913e+01 9.005957e+01 1.274407e+03 4.987958e+01 5.322741e+01
56 9.560088e-02 9.117332e+00 1.308683e+01 9.240267e+01 1.260111e+03 4.991933e+01 5.386572e+01
57 9.729672e-02 9.271325e+00 1.331534e+01 9.363393e+01 1.248491e+03 5.019727e+01 5.390668e+01
58 9.899076e-02 9.424892e+00 1.318756e+01 9.466157e+01 1.243239e+03 5.027031e+01 5.403711e+01
59 1.006830e-01 9.578034e+00 1.332236e+01 9.587781e+01 1.236886e+03 5.037578e+01 5.428379e+01
60 1.023733e-01 9.730752e+00 1.325776e+01 9.689695e+01 1.236680e+03 5.052135e+01 5.434187e+01
61 1.040618e-01 9.883044e+00 1.364788e+01 9.837664e+01 1.228227e+03 5.056141e+01 5.420180e+01
62 1.057485e-01 1.003491e+01 1.426363e+01 9.999913e+01 1.219731e+03 5.078914e+01 5.453688e+01
63 1.074333e-01 1.018635e+01 1.448800e+01 1.009464e+02 1.215107e+03 5.089085e+01 5.474107e+01
64 1.091161e-01 1.033737e+01 1.402852e+01 1.017754e+02 1.218580e+03 5.099795e+01 5.515118e+01
65 1.107971e-01 1.048797e+01 1.390392e+01 1.027647e+02 1.220871e+03 5.121131e+01 5.519773e+01
66 1.124762e-01 1.063814e+01 1.422596e+01 1.038903e+02 1.214271e+03 5.125540e+01 5.498598e+01
67 1.141533e-01 1.078788e+01 1.484362e+01 1.049361e+02 1.208907e+03 5.146550e+01 5.501310e+01
68 1.158285e-01 1.093720e+01 1.442841e+01 1.056645e+02 1.215810e+03 5.154430e+01 5.580761e+01
69 1.175017e-01 1.108610e+01 1.424513e+01 1.066313e+02 1.219636e+03 5.170837e+01 5.555122e+01
70 1.191730e-01 1.123458e+01 1.448578e+01 1.076253e+02 1.214654e+03 5.186773e+01 5.559587e+01
71 1.208423e-01 1.138263e+01 1.504167e+01 1.082572e+02 1.210555e+03 5.206763e+01 5.556967e+01
72 1.225096e-01 1.153026e+01 1.477258e+01 1.089381e+02 1.217868e+03 5.222670e+01 5.599226e+01
73 1.241749e-01 1.167746e+01 1.453762e+01 1.099856e+02 1.221554e+03 5.229383e+01 5.601173e+01
74 1.258382e-01 1.182425e+01 1.505291e+01 1.104981e+02 1.217048e+03 5.248132e+01 5.575509e+01
75 1.274994e-01 1.197061e+01 1.493476e+01 1.110453e+02 1.223745e+03 5.263223e+01 5.609780e+01
76 1.291587e-01 1.211655e+01 1.457666e+01 1.119538e+02 1.232871e+03 5.269990e+01 5.650534e+01
77 1.308158e-01 1.226207e+01 1.366042e+01 1.091192e+02 1.317083e+03 5.316389e+01 5.542798e+01
78 1.324710e-01 1.240716e+01 1.389004e+01 1.101050e+02 1.312169e+03 5.381953e+01 5.539188e+01
79 1.341240e-01 1.255184e+01 1.401539e+01 1.109670e+02 1.309382e+03 5.410603e+01 5.544434e+01
80 1.357750e-01 1.269610e+01 1.406776e+01 1.117281e+02 1.308747e+03 5.426687e+01 5.556355e+01
81 1.374239e-01 1.283994e+01 1.417789e+01 1.124828e+02 1.306016e+03 5.463766e+01 5.558152e+01
82 1.390707e-01 1.298335e+01 1.422025e+01 1.131420e+02 1.305863e+03 5.478913e+01 5.567080e+01
83 1.407154e-01 1.312635e+01 1.425436e+01 1.137653e+02 1.305834e+03 5.488061e+01 5.575522e+01
84 1.423580e-01 1.326893e+01 1.427898e+01 1.143764e+02 1.305938e+03 5.504208e+01 5.582689e+01
85 1.439985e-01 1.341110e+01 1.427489e+01 1.149943e+02 1.308350e+03 5.510972e+01 5.598114e+01
86 1.456368e-01 1.355284e+01 1.429204e+01 1.155732e+02 1.308568e+03 5.533809e+01 5.603308e+01
87 1.472730e-01 1.369417e+01 1.429398e+01 1.161476e+02 1.310987e+03 5.545491e+01 5.616917e+01
88 1.489070e-01 1.383508e+01 1.429581e+01 1.167034e+02 1.311640e+03 5.564225e+01 5.621187e+01
89 1.505389e-01 1.397557e+01 1.429201e+01 1.172731e+02 1.313885e+03 5.570930e+01 5.632121e+01
90 1.521686e-01 1.411565e+01 1.429751e+01 1.178320e+02 1.316765e+03 5.574970e+01 5.647015e+01
91 1.537961e-01 1.425532e+01 1.428677e+01 1.183685e+02 1.319039e+03 5.587908e+01 5.656276e+01
92 1.554215e-01 1.439457e+01 1.429557e+01 1.188913e+02 1.322173e+03 5.591866e+01 5.671309e+01
93 1.570446e-01 1.453341e+01 1.429895e+01 1.193972e+02 1.324718e+03 5.598312e+01 5.683642e+01
94 1.586655e-01 1.467183e+01 1.428653e+01 1.199063e+02 1.327381e+03 5.608436e+01 5.693639e+01
95 1.602843e-01 1.480984e+01 1.426703e+01 1.203886e+02 1.330345e+03 5.621299e+01 5.702471e+01
96 1.619007e-01 1.494744e+01 1.425437e+01 1.208805e+02 1.333117e+03 5.629396e+01 5.712552e+01
97 1.635150e-01 1.508463e+01 1.423863e+01 1.213804e+02 1.335913e+03 5.644000e+01 5.721315e+01
98 1.651271e-01 1.522140e+01 1.421243e+01 1.218350e+02 1.338949e+03 5.656255e+01 5.730083e+01
99 1.667369e-01 1.535777e+01 1.421603e+01 1.222698e+02 1.341616e+03 5.663081e+01 5.742641e+01
100 1.683444e-01 1.549373e+01 1.418111e+01 1.227506e+02 1.344612e+03 5.674629e+01 5.767251e+01
101 1.699497e-01 1.562927e+01 1.413870e+01 1.232335e+02 1.348422e+03 5.690135e+01 5.772583e+01
102 1.715527e-01 1.576441e+01 1.412936e+01 1.236425e+02 1.351556e+03 5.698366e+01 5.783498e+01
103 1.731535e-01 1.589914e+01 1.407933e+01 1.240157e+02 1.355238e+03 5.715446e+01 5.803783e+01
104 1.747519e-01 1.603347e+01 1.405807e+01 1.243864e+02 1.358843e+03 5.727088e+01 5.811616e+01
105 1.763481e-01 1.616739e+01 1.405285e+01 1.247788e+02 1.361975e+03 5.735900e+01 5.822927e+01
106 1.779420e-01 1.630090e+01 1.402733e+01 1.251232e+02 1.365142e+03 5.747367e+01 5.847745e+01
107 1.795336e-01 1.643401e+01 1.400175e+01 1.254436e+02 1.368980e+03 5.759204e+01 5.854166e+01
108 1.811229e-01 1.656672e+01 1.399408e+01 1.258121e+02 1.372079e+03 5.765135e+01 5.865839e+01
109 1.827099e-01 1.669902e+01 1.397711e+01 1.261436e+02 1.375542e+03 5.773834e+01 5.875054e+01
110 1.842946e-01 1.683092e+01 1.396483e+01 1.264560e+02 1.379020e+03 5.780789e+01 5.884804e+01
111 1.858769e-01 1.696242e+01 1.395087e+01 1.267716e+02 1.382517e+03 5.791463e+01 5.894238e+01
112 1.874569e-01 1.709352e+01 1.393887e+01 1.270686e+02 1.385805e+03 5.799185e+01 5.903113e+01
113 1.890346e-01 1.722421e+01 1.392784e+01 1.273675e+02 1.388752e+03 5.806481e+01 5.929575e+01
114 1.906100e-01 1.735451e+01 1.391268e+01 1.276418e+02 1.392123e+03 5.814612e+01 5.938264e+01
115 1.921830e-01 1.748441e+01 1.390460e+01 1.279243e+02 1.395219e+03 5.822309e+01 5.947877e+01
116 1.937536e-01 1.761392e+01 1.389085e+01 1.282076e+02 1.398718e+03 5.829859e+01 5.957520e+01
117 1.953219e-01 1.774302e+01 1.387267e+01 1.284708e+02 1.402223e+03 5.837875e+01 5.965577e+01
118 1.968879e-01 1.787173e+01 1.386654e+01 1.287673e+02 1.405414e+03 5.844744e+01 5.976104e+01
119 1.984515e-01 1.800004e+01 1.386197e+01 1.290543e+02 1.408398e+03 5.851250e+01 5.987456e+01
120 2.000127e-01 1.812796e+01 1.384739e+01 1.292630e+02 1.411726e+03 5.857821e+01 5.995687e+01
121 2.015715e-01 1.825549e+01 1.383449e+01 1.294746e+02 1.414965e+03 5.865675e+01 6.004413e+01
122 2.031280e-01 1.838262e+01 1.382486e+01 1.296637e+02 1.417974e+03 5.870918e+01 6.014422e+01
123 2.046821e-01 1.850937e+01 1.380466e+01 1.298800e+02 1.421437e+03 5.878816e+01 6.022204e+01
124 2.062338e-01 1.863572e+01 1.379446e+01 1.300681e+02 1.424677e+03 5.885055e+01 6.031800e+01
125 2.077831e-01 1.876168e+01 1.379418e+01 1.302307e+02 1.427874e+03 5.891543e+01 6.042872e+01
126 2.093301e-01 1.888725e+01 1.378133e+01 1.304017e+02 1.431402e+03 5.898755e+01 6.050823e+01
127 2.108746e-01 1.901244e+01 1.377321e+01 1.305625e+02 1.434622e+03 5.906095e+01 6.059468e+01
128 2.124167e-01 1.913723e+01 1.375665e+01 1.307263e+02 1.437818e+03 5.913882e+01 6.067120e+01
129 2.139564e-01 1.926165e+01 1.374982e+01 1.308953e+02 1.441037e+03 5.921720e+01 6.076691e+01
130 2.154938e-01 1.938567e+01 1.375006e+01 1.310531e+02 1.444117e+03 5.928138e+01 6.087484e+01
131 2.170287e-01 1.950931e+01 1.372832e+01 1.312292e+02 1.447170e+03 5.935575e+01 6.111099e+01
132 2.185612e-01 1.963257e+01 1.371363e+01 1.313897e+02 1.450619e+03 5.942841e+01 6.119250e+01
133 2.200913e-01 1.975544e+01 1.369986e+01 1.315276e+02 1.454058e+03 5.949146e+01 6.127235e+01
134 2.216189e-01 1.987794e+01 1.368702e+01 1.316550e+02 1.457352e+03 5.956735e+01 6.134757e+01
135 2.231442e-01 2.000005e+01 1.367091e+01 1.317974e+02 1.460744e+03 5.966347e+01 6.141577e+01
136 2.246670e-01 2.012178e+01 1.366224e+01 1.319451e+02 1.463943e+03 5.973433e+01 6.150244e+01
137 2.261874e-01 2.024314e+01 1.364994e+01 1.320935e+02 1.467389e+03 5.979519e+01 6.144516e+01
138 2.277053e-01 2.036411e+01 1.362752e+01 1.322484e+02 1.470863e+03 5.985697e+01 6.154311e+01
139 2.292209e-01 2.048471e+01 1.360442e+01 1.323936e+02 1.474179e+03 5.993180e+01 6.162101e+01
140 2.307340e-01 2.060493e+01 1.358272e+01 1.325424e+02 1.478087e+03 5.997608e+01 6.157554e+01
141 2.322446e-01 2.072478e+01 1.356675e+01 1.326583e+02 1.481134e+03 6.005102e+01 6.164883e+01
142 2.337529e-01 2.084426e+01 1.354838e+01 1.328008e+02 1.485069e+03 6.011068e+01 6.160087e+01
143 2.352586e-01 2.096336e+01 1.352445e+01 1.329369e+02 1.488258e+03 6.017714e+01 6.167669e+01
144 2.367620e-01 2.108209e+01 1.349748e+01 1.330729e+02 1.491762e+03 6.024664e+01 6.159603e+01
145 2.382629e-01 2.120045e+01 1.346732e+01 1.332131e+02 1.495786e+03 6.030093e+01 6.170681e+01
146 2.397613e-01 2.131844e+01 1.344056e+01 1.333429e+02 1.499066e+03 6.037441e+01 6.178288e+01
147 2.412573e-01 2.143606e+01 1.340473e+01 1.334796e+02 1.502893e+03 6.043626e+01 6.187650e+01
148 2.427509e-01 2.155331e+01 1.337364e+01 1.336095e+02 1.506354e+03 6.049401e+01 6.195770e+01
149 2.442420e-01 2.167020e+01 1.335060e+01 1.337357e+02 1.509542e+03 6.056312e+01 6.203038e+01
150 2.457307e-01 2.178672e+01 1.331758e+01 1.338808e+02 1.513668e+03 6.062842e+01 6.213256e+01
151 2.472169e-01 2.190287e+01 1.329287e+01 1.340161e+02 1.516913e+03 6.069809e+01 6.220514e+01
152 2.487006e-01 2.201866e+01 1.326886e+01 1.341447e+02 1.519999e+03 6.077060e+01 6.227583e+01
153 2.501819e-01 2.213409e+01 1.323898e+01 1.342785e+02 1.523700e+03 6.083200e+01 6.236656e+01
154 2.516608e-01 2.224916e+01 1.321743e+01 1.344085e+02 1.526757e+03 6.091073e+01 6.243592e+01
155 2.531372e-01 2.236386e+01 1.319080e+01 1.345481e+02 1.530171e+03 6.097980e+01 6.251707e+01
156 2.546111e-01 2.247821e+01 1.316623e+01 1.346948e+02 1.533598e+03 6.104462e+01 6.260109e+01
157 2.560826e-01 2.259220e+01 1.314022e+01 1.348325e+02 1.537554e+03 6.109857e+01 6.269882e+01
158 2.575516e-01 2.270583e+01 1.311950e+01 1.349670e+02 1.540448e+03 6.116974e+01 6.276799e+01
159 2.590182e-01 2.281910e+01 1.309723e+01 1.351026e+02 1.543705e+03 6.124088e+01 6.283680e+01
160 2.604823e-01 2.293202e+01 1.307264e+01 1.352365e+02 1.547388e+03 6.129435e+01 6.292747e+01
161 2.619440e-01 2.304459e+01 1.305065e+01 1.353632e+02 1.550067e+03 6.133572e+01 6.315086e+01
162 2.634032e-01 2.315680e+01 1.302557e+01 1.354879e+02 1.554256e+03 6.138275e+01 6.308252e+01
163 2.648599e-01 2.326866e+01 1.300417e+01 1.356305e+02 1.557264e+03 6.144523e+01 6.331475e+01
164 2.663142e-01 2.338016e+01 1.298160e+01 1.357759e+02 1.560985e+03 6.149873e+01 6.340168e+01
165 2.677660e-01 2.349132e+01 1.296007e+01 1.359110e+02 1.564229e+03 6.155931e+01 6.347666e+01
166 2.692154e-01 2.360213e+01 1.294117e+01 1.360423e+02 1.567135e+03 6.162346e+01 6.354218e+01
167 2.706623e-01 2.371259e+01 1.292092e+01 1.361785e+02 1.570457e+03 6.169273e+01 6.360902e+01
168 2.721067e-01 2.382270e+01 1.289850e+01 1.363151e+02 1.574022e+03 6.174154e+01 6.369360e+01
169 2.735487e-01 2.393247e+01 1.287535e+01 1.364412e+02 1.577711e+03 6.179180e+01 6.377765e+01
170 2.749883e-01 2.404190e+01 1.285666e+01 1.365792e+02 1.580818e+03 6.186374e+01 6.385030e+01
171 2.764253e-01 2.415098e+01 1.283847e+01 1.367152e+02 1.583733e+03 6.192451e+01 6.391852e+01
172 2.778600e-01 2.425971e+01 1.282223e+01 1.368550e+02 1.586287e+03 6.199156e+01 6.413623e+01
173 2.792922e-01 2.436811e+01 1.280412e+01 1.369748e+02 1.589424e+03 6.204723e+01 6.420855e+01
174 2.807219e-01 2.447616e+01 1.278935e+01 1.370965e+02 1.591996e+03 6.212805e+01 6.426723e+01
175 2.821492e-01 2.458388e+01 1.276861e+01 1.372223e+02 1.595684e+03 6.219039e+01 6.435146e+01
176 2.835740e-01 2.469126e+01 1.275223e+01 1.373374e+02 1.598789e+03 6.225771e+01 6.441603e+01
177 2.849963e-01 2.479830e+01 1.273450e+01 1.374398e+02 1.601919e+03 6.231433e+01 6.448064e+01
178 2.864163e-01 2.490500e+01 1.271631e+01 1.375668e+02 1.605272e+03 6.237273e+01 6.456104e+01
179 2.878337e-01 2.501137e+01 1.270120e+01 1.376942e+02 1.608215e+03 6.242867e+01 6.463601e+01
180 2.892488e-01 2.511741e+01 1.268553e+01 1.378088e+02 1.611158e+03 6.249610e+01 6.469906e+01
181 2.906614e-01 2.522311e+01 1.267200e+01 1.379292e+02 1.613766e+03 6.254991e+01 6.478358e+01
182 2.920715e-01 2.532849e+01 1.264649e+01 1.380427e+02 1.617793e+03 6.260000e+01 6.486440e+01
183 2.934792e-01 2.543353e+01 1.263841e+01 1.381590e+02 1.619777e+03 6.264803e+01 6.495310e+01
184 2.948845e-01 2.553824e+01 1.260825e+01 1.382652e+02 1.624342e+03 6.269830e+01 6.503371e+01
185 2.962873e-01 2.564262e+01 1.260396e+01 1.383723e+02 1.625922e+03 6.274850e+01 6.511763e+01
186 2.976877e-01 2.574668e+01 1.257567e+01 1.384799e+02 1.630531e+03 6.281644e+01 6.517157e+01
187 2.990856e-01 2.585041e+01 1.257419e+01 1.386011e+02 1.631742e+03 6.287779e+01 6.523993e+01
188 3.004811e-01 2.595381e+01 1.254656e+01 1.387073e+02 1.636154e+03 6.293752e+01 6.530668e+01
189 3.018742e-01 2.605689e+01 1.254580e+01 1.388020e+02 1.637340e+03 6.299920e+01 6.536833e+01
190 3.032648e-01 2.615965e+01 1.251555e+01 1.389250e+02 1.642002e+03 6.303978e+01 6.546337e+01
191 3.046531e-01 2.626208e+01 1.251284e+01 1.390187e+02 1.643146e+03 6.310402e+01 6.552433e+01
192 3.060389e-01 2.636420e+01 1.248317e+01 1.391057e+02 1.647283e+03 6.316761e+01 6.573300e+01
193 3.074222e-01 2.646599e+01 1.248268e+01 1.391870e+02 1.648382e+03 6.322682e+01 6.579069e+01
194 3.088032e-01 2.656747e+01 1.245277e+01 1.393068e+02 1.653033e+03 6.327669e+01 6.586973e+01
195 3.101817e-01 2.666863e+01 1.245285e+01 1.393990e+02 1.654255e+03 6.334008e+01 6.592968e+01
196 3.115578e-01 2.676947e+01 1.242599e+01 1.395096e+02 1.658755e+03 6.339583e+01 6.600368e+01
197 3.129315e-01 2.687000e+01 1.242731e+01 1.396014e+02 1.659779e+03 6.345881e+01 6.606317e+01
198 3.143028e-01 2.697021e+01 1.240041e+01 1.397154e+02 1.663973e+03 6.350341e+01 6.614212e+01
199 3.156717e-01 2.707011e+01 1.239869e+01 1.398040e+02 1.665053e+03 6.354789e+01 6.620399e+01
200 3.170381e-01 2.716970e+01 1.237010e+01 1.398909e+02 1.669419e+03 6.358573e+01 6.626450e+01
201 3.184022e-01 2.726898e+01 1.237006e+01 1.399851e+02 1.670212e+03 6.364330e+01 6.633338e+01
202 3.197639e-01 2.736795e+01 1.233691e+01 1.400996e+02 1.674773e+03 6.367812e+01 6.641901e+01
203 3.211231e-01 2.746660e+01 1.233907e+01 1.401922e+02 1.675578e+03 6.373997e+01 6.647712e+01
204 3.224800e-01 2.756496e+01 1.231093e+01 1.403062e+02 1.680089e+03 6.378054e+01 6.655066e+01
205 3.238344e-01 2.766300e+01 1.231392e+01 1.403893e+02 1.680855e+03 6.384266e+01 6.660796e+01
206 3.251865e-01 2.776074e+01 1.228949e+01 1.404614e+02 1.685294e+03 6.389568e+01 6.681385e+01
207 3.265362e-01 2.785817e+01 1.229108e+01 1.405504e+02 1.686017e+03 6.394374e+01 6.687618e+01
208 3.278835e-01 2.795530e+01 1.226030e+01 1.406562e+02 1.690460e+03 6.399242e+01 6.694602e+01
209 3.292284e-01 2.805213e+01 1.225947e+01 1.407288e+02 1.691622e+03 6.404764e+01 6.700172e+01
210 3.305709e-01 2.814866e+01 1.223440e+01 1.407808e+02 1.696049e+03 6.410974e+01 6.705111e+01
211 3.319111e-01 2.824489e+01 1.223459e+01 1.408577e+02 1.696861e+03 6.415840e+01 6.726154e+01
212 3.332488e-01 2.834081e+01 1.220536e+01 1.409462e+02 1.701283e+03 6.419434e+01 6.718981e+01
213 3.345842e-01 2.843644e+01 1.220472e+01 1.410188e+02 1.702292e+03 6.424997e+01 6.725510e+01
214 3.359173e-01 2.853178e+01 1.218396e+01 1.410929e+02 1.706393e+03 6.430969e+01 6.746071e+01
215 3.372479e-01 2.862681e+01 1.218160e+01 1.411650e+02 1.707736e+03 6.436921e+01 6.751599e+01
216 3.385763e-01 2.872156e+01 1.216053e+01 1.412367e+02 1.711894e+03 6.441673e+01 6.756060e+01
217 3.399022e-01 2.881601e+01 1.215569e+01 1.413015e+02 1.713204e+03 6.447586e+01 6.761550e+01
218 3.412258e-01 2.891016e+01 1.212708e+01 1.413640e+02 1.717163e+03 6.452240e+01 6.768034e+01
219 3.425470e-01 2.900403e+01 1.211987e+01 1.414183e+02 1.718827e+03 6.457819e+01 6.773656e+01
220 3.438659e-01 2.909760e+01 1.209511e+01 1.414758e+02 1.722720e+03 6.463439e+01 6.779740e+01
221 3.451825e-01 2.919089e+01 1.208935e+01 1.415445e+02 1.724410e+03 6.468187e+01 6.771271e+01
222 3.464967e-01 2.928388e+01 1.206711e+01 1.416120e+02 1.728207e+03 6.474004e+01 6.776670e+01
223 3.478085e-01 2.937659e+01 1.206257e+01 1.416778e+02 1.729770e+03 6.477293e+01 6.783300e+01
224 3.491180e-01 2.946901e+01 1.204307e+01 1.417451e+02 1.733190e+03 6.482008e+01 6.789762e+01
225 3.504252e-01 2.956115e+01 1.203324e+01 1.418131e+02 1.735233e+03 6.487369e+01 6.795991e+01
226 3.517301e-01 2.965300e+01 1.201142e+01 1.418775e+02 1.738599e+03 6.491642e+01 6.802303e+01
227 3.530326e-01 2.974457e+01 1.199791e+01 1.419452e+02 1.740873e+03 6.496757e+01 6.807883e+01
228 3.543328e-01 2.983586e+01 1.197964e+01 1.420030e+02 1.743926e+03 6.501271e+01 6.815030e+01
229 3.556307e-01 2.992687e+01 1.196428e+01 1.420680e+02 1.746621e+03 6.506990e+01 6.819690e+01
230 3.569263e-01 3.001759e+01 1.195554e+01 1.421245e+02 1.749225e+03 6.507961e+01 6.829977e+01
231 3.582196e-01 3.010804e+01 1.194298e+01 1.421989e+02 1.751858e+03 6.511238e+01 6.835373e+01
232 3.595105e-01 3.019821e+01 1.193322e+01 1.422707e+02 1.754481e+03 6.514046e+01 6.842167e+01
233 3.607992e-01 3.028810e+01 1.192021e+01 1.423475e+02 1.757070e+03 6.518164e+01 6.847633e+01
234 3.620856e-01 3.037772e+01 1.190159e+01 1.424235e+02 1.760005e+03 6.523189e+01 6.853105e+01
235 3.633696e-01 3.046706e+01 1.188788e+01 1.424914e+02 1.762906e+03 6.526191e+01 6.860255e+01
236 3.646514e-01 3.055613e+01 1.186838e+01 1.425666e+02 1.765919e+03 6.531424e+01 6.865080e+01
237 3.659309e-01 3.064493e+01 1.185378e+01 1.426327e+02 1.768951e+03 6.536188e+01 6.871534e+01
238 3.672081e-01 3.073345e+01 1.182905e+01 1.426970e+02 1.771931e+03 6.540033e+01 6.878270e+01
239 3.684830e-01 3.082170e+01 1.180477e+01 1.427648e+02 1.774837e+03 6.543347e+01 6.884270e+01
240 3.697556e-01 3.090969e+01 1.179123e+01 1.428391e+02 1.777604e+03 6.548245e+01 6.889304e+01
241 3.710260e-01 3.099740e+01 1.177679e+01 1.429266e+02 1.780330e+03 6.552563e+01 6.894481e+01
242 3.722941e-01 3.108485e+01 1.176404e+01 1.430099e+02 1.783131e+03 6.557406e+01 6.899275e+01
243 3.735599e-01 3.117203e+01 1.172825e+01 1.430841e+02 1.786305e+03 6.560658e+01 6.905875e+01
244 3.748235e-01 3.125894e+01 1.168655e+01 1.431539e+02 1.789795e+03 6.561612e+01 6.913087e+01
245 3.760848e-01 3.134559e+01 1.166714e+01 1.432312e+02 1.792822e+03 6.566758e+01 6.918153e+01
246 3.773439e-01 3.143198e+01 1.163375e+01 1.433024e+02 1.796305e+03 6.571109e+01 6.924716e+01
247 3.786007e-01 3.151810e+01 1.162436e+01 1.433777e+02 1.799016e+03 6.575230e+01 6.928897e+01
248 3.798553e-01 3.160396e+01 1.160668e+01 1.434488e+02 1.802022e+03 6.580135e+01 6.933994e+01
249 3.811076e-01 3.168956e+01 1.156869e+01 1.435115e+02 1.805583e+03 6.581488e+01 6.941457e+01
250 3.823577e-01 3.177490e+01 1.154876e+01 1.435792e+02 1.808573e+03 6.586152e+01 6.946994e+01
251 3.836056e-01 3.185999e+01 1.151995e+01 1.436521e+02 1.811996e+03 6.589949e+01 6.953272e+01
252 3.848512e-01 3.194481e+01 1.149750e+01 1.437319e+02 1.815204e+03 6.594392e+01 6.958527e+01
253 3.860946e-01 3.202938e+01 1.147221e+01 1.438053e+02 1.818538e+03 6.599335e+01 6.964069e+01
254 3.873358e-01 3.211369e+01 1.146602e+01 1.438788e+02 1.820979e+03 6.604191e+01 6.967230e+01
255 3.885748e-01 3.219775e+01 1.144725e+01 1.439506e+02 1.824030e+03 6.606360e+01 6.972014e+01
256 3.898115e-01 3.228155e+01 1.140690e+01 1.440195e+02 1.828294e+03 6.606903e+01 6.979689e+01
257 3.910461e-01 3.236510e+01 1.138596e+01 1.440872e+02 1.831514e+03 6.611133e+01 6.984947e+01
258 3.922784e-01 3.244840e+01 1.136295e+01 1.441557e+02 1.834867e+03 6.614302e+01 6.990580e+01
259 3.935086e-01 3.253145e+01 1.133648e+01 1.442224e+02 1.838411e+03 6.616095e+01 6.996739e+01
260 3.947366e-01 3.261425e+01 1.131468e+01 1.442902e+02 1.841639e+03 6.618724e+01 7.001999e+01
261 3.959623e-01 3.269679e+01 1.127480e+01 1.443588e+02 1.846275e+03 6.619856e+01 7.009596e+01
262 3.971859e-01 3.277910e+01 1.124758e+01 1.444255e+02 1.850013e+03 6.622221e+01 7.015366e+01
263 3.984073e-01 3.286115e+01 1.120207e+01 1.445096e+02 1.855307e+03 6.621704e+01 7.023947e+01
264 3.996265e-01 3.294296e+01 1.117034e+01 1.445886e+02 1.859487e+03 6.620689e+01 7.030627e+01
265 4.008436e-01 3.302452e+01 1.114023e+01 1.446664e+02 1.863592e+03 6.622606e+01 7.037303e+01
266 4.020585e-01 3.310584e+01 1.111587e+01 1.447374e+02 1.867196e+03 6.626624e+01 7.043156e+01
267 4.032712e-01 3.318691e+01 1.109141e+01 1.448075e+02 1.871029e+03 6.628633e+01 7.035184e+01
268 4.044818e-01 3.326775e+01 1.106471e+01 1.448835e+02 1.874844e+03 6.630725e+01 7.042008e+01
269 4.056902e-01 3.334834e+01 1.104177e+01 1.449515e+02 1.878221e+03 6.632585e+01 7.047500e+01
270 4.068965e-01 3.342869e+01 1.101793e+01 1.450215e+02 1.881596e+03 6.634866e+01 7.052860e+01
271 4.081006e-01 3.350880e+01 1.098508e+01 1.451177e+02 1.885640e+03 6.633863e+01 7.060888e+01
272 4.093025e-01 3.358867e+01 1.096197e+01 1.451980e+02 1.888949e+03 6.636585e+01 7.066287e+01
273 4.105024e-01 3.366831e+01 1.093385e+01 1.453022e+02 1.892872e+03 6.634136e+01 7.060727e+01
274 4.117001e-01 3.374771e+01 1.091016e+01 1.453796e+02 1.896014e+03 6.635834e+01 7.067413e+01
275 4.128957e-01 3.382687e+01 1.088986e+01 1.454519e+02 1.898952e+03 6.639337e+01 7.071951e+01
276 4.140891e-01 3.390579e+01 1.086863e+01 1.455238e+02 1.901808e+03 6.641664e+01 7.077923e+01
277 4.152804e-01 3.398449e+01 1.084703e+01 1.455776e+02 1.904693e+03 6.641053e+01 7.084051e+01
278 4.164697e-01 3.406295e+01 1.082707e+01 1.456165e+02 1.907646e+03 6.640075e+01 7.078113e+01
279 4.176568e-01 3.414118e+01 1.080255e+01 1.456909e+02 1.910760e+03 6.643884e+01 7.081991e+01
280 4.188418e-01 3.421917e+01 1.077968e+01 1.457463e+02 1.913752e+03 6.645239e+01 7.087622e+01
281 4.200247e-01 3.429694e+01 1.075692e+01 1.458050e+02 1.916708e+03 6.646345e+01 7.093095e+01
282 4.212055e-01 3.437448e+01 1.073375e+01 1.458771e+02 1.919520e+03 6.650596e+01 7.110530e+01
283 4.223842e-01 3.445178e+01 1.071240e+01 1.459268e+02 1.922526e+03 6.650271e+01 7.103708e+01
284 4.235608e-01 3.452887e+01 1.069121e+01 1.459894e+02 1.925041e+03 6.652549e+01 7.122412e+01
285 4.247354e-01 3.460572e+01 1.067064e+01 1.460496e+02 1.927854e+03 6.654204e+01 7.127579e+01
286 4.259078e-01 3.468235e+01 1.065348e+01 1.460974e+02 1.930774e+03 6.653987e+01 7.121190e+01
287 4.270782e-01 3.475875e+01 1.063056e+01 1.461584e+02 1.933735e+03 6.655481e+01 7.126108e+01
288 4.282466e-01 3.483493e+01 1.061925e+01 1.461969e+02 1.936980e+03 6.651864e+01 7.121749e+01
289 4.294128e-01 3.491088e+01 1.059244e+01 1.462598e+02 1.939752e+03 6.656745e+01 7.139282e+01
290 4.305770e-01 3.498662e+01 1.057215e+01 1.463147e+02 1.943365e+03 6.656738e+01 7.131656e+01
291 4.317392e-01 3.506213e+01 1.059393e+01 1.462790e+02 1.943421e+03 6.656213e+01 7.151750e+01
