# it strain shortening ε_f δT D θ θc
1 0.000000e+00 0.000000e+00 1.236267e+00 5.684342e-14 6.499239e+03 4.500000e+01 4.512215e+01
2 1.770244e-03 1.768678e-01 1.270024e+00 1.346654e+00 6.263473e+03 4.510143e+01 4.522358e+01
3 3.539646e-03 3.533389e-01 1.302751e+00 2.668628e+00 6.067432e+03 4.520281e+01 4.532496e+01
4 5.308184e-03 5.294120e-01 1.337170e+00 3.964270e+00 5.895673e+03 4.530413e+01 4.542628e+01
5 7.075837e-03 7.050863e-01 1.373378e+00 5.234747e+00 5.741521e+03 4.540540e+01 4.552755e+01
6 8.842586e-03 8.803605e-01 1.411468e+00 6.481022e+00 5.600354e+03 4.550662e+01 4.562876e+01
7 1.060841e-02 1.055234e+00 1.451549e+00 7.703873e+00 5.469162e+03 4.560777e+01 4.572991e+01
8 1.237328e-02 1.229705e+00 1.493728e+00 8.903912e+00 5.345806e+03 4.570886e+01 4.583100e+01
9 1.413719e-02 1.403773e+00 1.538127e+00 1.008159e+01 5.228632e+03 4.580989e+01 4.593202e+01
10 1.590012e-02 1.577438e+00 1.584870e+00 1.123722e+01 5.116414e+03 4.591086e+01 4.603298e+01
11 1.766203e-02 1.750697e+00 1.634093e+00 1.237098e+01 5.008334e+03 4.601175e+01 4.613386e+01
12 1.942292e-02 1.923551e+00 1.685919e+00 1.348293e+01 4.903375e+03 4.611257e+01 4.623468e+01
13 2.118276e-02 2.095998e+00 1.740497e+00 1.463919e+01 4.801368e+03 4.621332e+01 4.633542e+01
14 2.294153e-02 2.268037e+00 1.798045e+00 1.586355e+01 4.702721e+03 4.631399e+01 4.643608e+01
15 2.469921e-02 2.439668e+00 1.858750e+00 1.708805e+01 4.606781e+03 4.641459e+01 4.653666e+01
16 2.645579e-02 2.610890e+00 1.922758e+00 1.831483e+01 4.512765e+03 4.651510e+01 4.663717e+01
17 2.821124e-02 2.781702e+00 1.990201e+00 1.954641e+01 4.420369e+03 4.661553e+01 4.673758e+01
18 2.996555e-02 2.952103e+00 2.061257e+00 2.078350e+01 4.329362e+03 4.671587e+01 4.683792e+01
19 3.171869e-02 3.122092e+00 2.136120e+00 2.202692e+01 4.239487e+03 4.681613e+01 4.693816e+01
20 3.347064e-02 3.291670e+00 2.214960e+00 2.327746e+01 4.150601e+03 4.691630e+01 4.703831e+01
21 3.522139e-02 3.460834e+00 2.298047e+00 2.458212e+01 4.062836e+03 4.701637e+01 4.713837e+01
22 3.697092e-02 3.629584e+00 2.385595e+00 2.589858e+01 3.976294e+03 4.711635e+01 4.723834e+01
23 3.871921e-02 3.797920e+00 2.477913e+00 2.722528e+01 3.891010e+03 4.721623e+01 4.733820e+01
24 4.046623e-02 3.965841e+00 2.575150e+00 2.856103e+01 3.806445e+03 4.731602e+01 4.743797e+01
25 4.221198e-02 4.133346e+00 2.677576e+00 2.990803e+01 3.722540e+03 4.741570e+01 4.753764e+01
26 4.395643e-02 4.300435e+00 2.785358e+00 3.126821e+01 3.639246e+03 4.751528e+01 4.763720e+01
27 4.569957e-02 4.467107e+00 2.898815e+00 3.265104e+01 3.556766e+03 4.761475e+01 4.773665e+01
28 4.744137e-02 4.633362e+00 3.018136e+00 3.409106e+01 3.475083e+03 4.771412e+01 4.783600e+01
29 4.918182e-02 4.799198e+00 3.143772e+00 3.554633e+01 3.394484e+03 4.781338e+01 4.793524e+01
30 5.092090e-02 4.964616e+00 3.275775e+00 3.701447e+01 3.314640e+03 4.791252e+01 4.803436e+01
31 5.265859e-02 5.129615e+00 3.414513e+00 3.849294e+01 3.235537e+03 4.801155e+01 4.813337e+01
32 5.439488e-02 5.294194e+00 3.560173e+00 3.998400e+01 3.157196e+03 4.811047e+01 4.823226e+01
33 5.612975e-02 5.458354e+00 3.712864e+00 4.150760e+01 3.079773e+03 4.820926e+01 4.833103e+01
34 5.786317e-02 5.622093e+00 3.872674e+00 4.307926e+01 3.003276e+03 4.830794e+01 4.842969e+01
35 5.959514e-02 5.785411e+00 4.039551e+00 4.466340e+01 2.927686e+03 4.840649e+01 4.852822e+01
36 6.132563e-02 5.948307e+00 4.214603e+00 4.625525e+01 2.851283e+03 4.850492e+01 4.887001e+01
37 6.305464e-02 6.110782e+00 4.397462e+00 4.785720e+01 2.777941e+03 4.860323e+01 4.896823e+01
38 6.478213e-02 6.272835e+00 4.587593e+00 4.946880e+01 2.705832e+03 4.870140e+01 4.906633e+01
39 6.650810e-02 6.434466e+00 4.785305e+00 5.114107e+01 2.633666e+03 4.879945e+01 4.940750e+01
40 6.823253e-02 6.595674e+00 4.992134e+00 5.282525e+01 2.564600e+03 4.889736e+01 4.950527e+01
41 6.995540e-02 6.756459e+00 5.206657e+00 5.451682e+01 2.497067e+03 4.899514e+01 4.960291e+01
42 7.167669e-02 6.916821e+00 5.429528e+00 5.620862e+01 2.429911e+03 4.909278e+01 4.994342e+01
43 7.339640e-02 7.076759e+00 5.662104e+00 5.790844e+01 2.365961e+03 4.919028e+01 5.004072e+01
44 7.511450e-02 7.236274e+00 5.902128e+00 5.965958e+01 2.304000e+03 4.928765e+01 5.013787e+01
45 7.683098e-02 7.395364e+00 6.152590e+00 6.141950e+01 2.242848e+03 4.938487e+01 5.047767e+01
46 7.854582e-02 7.554030e+00 6.410469e+00 6.318452e+01 2.184964e+03 4.948195e+01 5.057446e+01
47 8.025901e-02 7.712272e+00 6.676456e+00 6.493890e+01 2.128279e+03 4.957888e+01 5.091374e+01
48 8.197054e-02 7.870090e+00 6.950952e+00 6.669375e+01 2.074869e+03 4.967567e+01 5.101016e+01
49 8.368038e-02 8.027482e+00 7.230974e+00 6.848424e+01 2.023672e+03 4.977231e+01 5.110642e+01
50 8.538852e-02 8.184450e+00 7.514906e+00 7.027105e+01 1.974712e+03 4.986879e+01 5.120253e+01
51 8.709494e-02 8.340993e+00 7.802154e+00 7.203759e+01 1.927960e+03 4.996513e+01 5.129847e+01
52 8.879964e-02 8.497111e+00 8.092249e+00 7.378298e+01 1.883487e+03 5.006131e+01 5.139426e+01
53 9.050260e-02 8.652804e+00 8.382813e+00 7.550479e+01 1.841275e+03 5.015733e+01 5.148988e+01
54 9.220380e-02 8.808072e+00 8.672889e+00 7.724013e+01 1.801227e+03 5.025320e+01 5.158534e+01
55 9.390323e-02 8.962915e+00 8.959809e+00 7.894878e+01 1.763371e+03 5.034891e+01 5.168063e+01
56 9.560088e-02 9.117332e+00 9.251821e+00 8.061588e+01 1.727321e+03 5.044445e+01 5.201769e+01
57 9.729672e-02 9.271325e+00 9.544608e+00 8.228039e+01 1.693917e+03 5.053984e+01 5.211257e+01
58 9.899076e-02 9.424892e+00 9.832356e+00 8.389510e+01 1.662309e+03 5.063506e+01 5.220727e+01
59 1.006830e-01 9.578034e+00 1.011080e+01 8.552327e+01 1.632621e+03 5.073011e+01 5.230181e+01
60 1.023733e-01 9.730752e+00 1.038097e+01 8.709972e+01 1.605003e+03 5.082500e+01 5.239616e+01
61 1.040618e-01 9.883044e+00 1.064025e+01 8.862824e+01 1.579481e+03 5.091972e+01 5.249034e+01
62 1.057485e-01 1.003491e+01 1.089081e+01 9.010418e+01 1.555592e+03 5.101427e+01 5.258434e+01
63 1.074333e-01 1.018635e+01 1.113087e+01 9.153319e+01 1.532926e+03 5.110865e+01 5.291948e+01
64 1.091161e-01 1.033737e+01 1.136717e+01 9.297543e+01 1.512386e+03 5.120285e+01 5.301303e+01
65 1.107971e-01 1.048797e+01 1.158801e+01 9.435631e+01 1.493599e+03 5.129688e+01 5.310641e+01
66 1.124762e-01 1.063814e+01 1.179437e+01 9.568078e+01 1.476489e+03 5.139074e+01 5.319959e+01
67 1.141533e-01 1.078788e+01 1.198672e+01 9.695523e+01 1.460688e+03 5.148441e+01 5.329259e+01
68 1.158285e-01 1.093720e+01 1.216174e+01 9.816805e+01 1.446303e+03 5.157791e+01 5.338541e+01
69 1.175017e-01 1.108610e+01 1.232129e+01 9.936375e+01 1.433166e+03 5.167123e+01 5.347803e+01
70 1.191730e-01 1.123458e+01 1.246378e+01 1.005057e+02 1.421125e+03 5.176436e+01 5.357047e+01
71 1.208423e-01 1.138263e+01 1.258614e+01 1.015767e+02 1.410536e+03 5.185732e+01 5.366271e+01
72 1.225096e-01 1.153026e+01 1.269034e+01 1.026153e+02 1.400670e+03 5.195008e+01 5.399519e+01
73 1.241749e-01 1.167746e+01 1.280995e+01 1.036341e+02 1.391795e+03 5.204267e+01 5.408695e+01
74 1.258382e-01 1.182425e+01 1.291188e+01 1.046687e+02 1.384110e+03 5.213506e+01 5.417852e+01
75 1.274994e-01 1.197061e+01 1.301771e+01 1.056497e+02 1.377390e+03 5.222727e+01 5.450995e+01
76 1.291587e-01 1.211655e+01 1.312033e+01 1.066277e+02 1.371417e+03 5.231929e+01 5.460102e+01
77 1.308158e-01 1.226207e+01 1.321284e+01 1.075550e+02 1.366099e+03 5.241112e+01 5.493168e+01
78 1.324710e-01 1.240716e+01 1.331223e+01 1.084750e+02 1.361850e+03 5.250276e+01 5.502224e+01
79 1.341240e-01 1.255184e+01 1.340258e+01 1.094005e+02 1.358107e+03 5.259420e+01 5.511260e+01
80 1.357750e-01 1.269610e+01 1.348893e+01 1.102953e+02 1.354871e+03 5.268545e+01 5.544215e+01
81 1.374239e-01 1.283994e+01 1.358100e+01 1.111736e+02 1.352120e+03 5.277651e+01 5.553200e+01
82 1.390707e-01 1.298335e+01 1.365886e+01 1.119907e+02 1.350220e+03 5.286737e+01 5.562163e+01
83 1.407154e-01 1.312635e+01 1.374529e+01 1.127742e+02 1.348522e+03 5.295803e+01 5.595004e+01
84 1.423580e-01 1.326893e+01 1.382650e+01 1.135480e+02 1.347457e+03 5.304850e+01 5.603915e+01
85 1.439985e-01 1.341110e+01 1.389968e+01 1.142787e+02 1.346957e+03 5.313876e+01 5.612805e+01
86 1.456368e-01 1.355284e+01 1.396341e+01 1.149694e+02 1.346835e+03 5.322883e+01 5.621674e+01
87 1.472730e-01 1.369417e+01 1.401924e+01 1.156207e+02 1.347002e+03 5.331869e+01 5.630521e+01
88 1.489070e-01 1.383508e+01 1.406706e+01 1.162282e+02 1.347506e+03 5.340835e+01 5.639347e+01
89 1.505389e-01 1.397557e+01 1.410742e+01 1.168358e+02 1.348210e+03 5.349781e+01 5.648152e+01
90 1.521686e-01 1.411565e+01 1.413935e+01 1.174194e+02 1.349419e+03 5.358707e+01 5.656935e+01
91 1.537961e-01 1.425532e+01 1.416366e+01 1.179788e+02 1.351026e+03 5.367612e+01 5.665696e+01
92 1.554215e-01 1.439457e+01 1.418379e+01 1.185085e+02 1.352714e+03 5.376496e+01 5.674435e+01
93 1.570446e-01 1.453341e+01 1.419589e+01 1.189936e+02 1.354618e+03 5.385360e+01 5.683153e+01
94 1.586655e-01 1.467183e+01 1.420428e+01 1.194758e+02 1.356835e+03 5.394202e+01 5.691849e+01
95 1.602843e-01 1.480984e+01 1.420747e+01 1.199462e+02 1.359023e+03 5.403024e+01 5.700522e+01
96 1.619007e-01 1.494744e+01 1.421236e+01 1.203989e+02 1.361272e+03 5.411826e+01 5.709174e+01
97 1.635150e-01 1.508463e+01 1.421155e+01 1.208393e+02 1.363637e+03 5.420606e+01 5.717803e+01
98 1.651271e-01 1.522140e+01 1.420282e+01 1.212561e+02 1.366350e+03 5.429365e+01 5.726411e+01
99 1.667369e-01 1.535777e+01 1.419040e+01 1.216638e+02 1.369287e+03 5.438102e+01 5.734996e+01
100 1.683444e-01 1.549373e+01 1.417542e+01 1.221287e+02 1.372318e+03 5.446819e+01 5.743558e+01
101 1.699497e-01 1.562927e+01 1.415085e+01 1.225502e+02 1.375539e+03 5.455514e+01 5.752099e+01
102 1.715527e-01 1.576441e+01 1.412078e+01 1.229328e+02 1.378966e+03 5.464188e+01 5.760617e+01
103 1.731535e-01 1.589914e+01 1.409338e+01 1.233385e+02 1.382290e+03 5.472841e+01 5.769112e+01
104 1.747519e-01 1.603347e+01 1.406529e+01 1.237428e+02 1.385519e+03 5.481472e+01 5.777585e+01
105 1.763481e-01 1.616739e+01 1.403196e+01 1.241325e+02 1.389041e+03 5.490081e+01 5.786035e+01
106 1.779420e-01 1.630090e+01 1.399171e+01 1.245387e+02 1.392469e+03 5.498669e+01 5.794463e+01
107 1.795336e-01 1.643401e+01 1.395703e+01 1.249434e+02 1.396235e+03 5.507235e+01 5.826471e+01
108 1.811229e-01 1.656672e+01 1.393115e+01 1.253353e+02 1.399930e+03 5.515779e+01 5.834840e+01
109 1.827099e-01 1.669902e+01 1.390405e+01 1.256746e+02 1.403471e+03 5.524301e+01 5.843187e+01
110 1.842946e-01 1.683092e+01 1.387937e+01 1.259927e+02 1.407180e+03 5.532802e+01 5.851510e+01
111 1.858769e-01 1.696242e+01 1.385477e+01 1.263373e+02 1.410837e+03 5.541281e+01 5.859811e+01
112 1.874569e-01 1.709352e+01 1.382774e+01 1.266671e+02 1.414354e+03 5.549737e+01 5.868088e+01
113 1.890346e-01 1.722421e+01 1.380194e+01 1.269837e+02 1.418001e+03 5.558172e+01 5.899857e+01
114 1.906100e-01 1.735451e+01 1.378335e+01 1.272808e+02 1.421996e+03 5.566584e+01 5.908075e+01
115 1.921830e-01 1.748441e+01 1.376227e+01 1.275689e+02 1.425666e+03 5.574975e+01 5.916269e+01
116 1.937536e-01 1.761392e+01 1.374272e+01 1.278280e+02 1.429433e+03 5.583343e+01 5.924441e+01
117 1.953219e-01 1.774302e+01 1.372102e+01 1.281047e+02 1.433237e+03 5.591689e+01 5.932589e+01
118 1.968879e-01 1.787173e+01 1.369933e+01 1.283645e+02 1.436804e+03 5.600013e+01 5.940714e+01
119 1.984515e-01 1.800004e+01 1.367891e+01 1.286193e+02 1.440358e+03 5.608314e+01 5.972238e+01
120 2.000127e-01 1.812796e+01 1.366349e+01 1.288641e+02 1.444037e+03 5.616593e+01 5.980302e+01
121 2.015715e-01 1.825549e+01 1.364955e+01 1.291050e+02 1.447825e+03 5.624850e+01 5.988344e+01
122 2.031280e-01 1.838262e+01 1.363540e+01 1.293225e+02 1.451650e+03 5.633084e+01 5.996361e+01
123 2.046821e-01 1.850937e+01 1.362037e+01 1.295347e+02 1.455376e+03 5.641296e+01 6.004356e+01
124 2.062338e-01 1.863572e+01 1.360531e+01 1.297238e+02 1.459085e+03 5.649486e+01 6.012326e+01
125 2.077831e-01 1.876168e+01 1.359079e+01 1.299058e+02 1.462714e+03 5.657653e+01 6.020274e+01
126 2.093301e-01 1.888725e+01 1.357622e+01 1.300720e+02 1.466241e+03 5.665797e+01 6.051510e+01
127 2.108746e-01 1.901244e+01 1.356551e+01 1.302422e+02 1.469800e+03 5.673919e+01 6.059396e+01
128 2.124167e-01 1.913723e+01 1.355745e+01 1.304282e+02 1.473469e+03 5.682018e+01 6.067258e+01
129 2.139564e-01 1.926165e+01 1.354624e+01 1.306295e+02 1.477344e+03 5.690095e+01 6.075097e+01
130 2.154938e-01 1.938567e+01 1.353694e+01 1.308220e+02 1.481010e+03 5.698149e+01 6.082912e+01
131 2.170287e-01 1.950931e+01 1.352553e+01 1.310045e+02 1.484598e+03 5.706180e+01 6.090704e+01
132 2.185612e-01 1.963257e+01 1.351224e+01 1.311887e+02 1.488104e+03 5.714189e+01 6.098472e+01
133 2.200913e-01 1.975544e+01 1.350015e+01 1.313648e+02 1.491776e+03 5.722175e+01 6.106216e+01
134 2.216189e-01 1.987794e+01 1.349005e+01 1.315376e+02 1.495258e+03 5.730138e+01 6.113937e+01
135 2.231442e-01 2.000005e+01 1.347846e+01 1.317420e+02 1.498690e+03 5.738079e+01 6.121634e+01
136 2.246670e-01 2.012178e+01 1.346635e+01 1.319378e+02 1.502455e+03 5.745997e+01 6.129307e+01
137 2.261874e-01 2.024314e+01 1.345580e+01 1.321333e+02 1.505988e+03 5.753892e+01 6.136956e+01
138 2.277053e-01 2.036411e+01 1.344355e+01 1.323345e+02 1.509578e+03 5.761764e+01 6.144582e+01
139 2.292209e-01 2.048471e+01 1.343139e+01 1.325133e+02 1.513161e+03 5.769614e+01 6.152185e+01
140 2.307340e-01 2.060493e+01 1.341788e+01 1.327008e+02 1.516429e+03 5.777441e+01 6.159763e+01
141 2.322446e-01 2.072478e+01 1.340414e+01 1.328962e+02 1.519729e+03 5.785245e+01 6.167318e+01
142 2.337529e-01 2.084426e+01 1.339215e+01 1.330882e+02 1.523208e+03 5.793026e+01 6.174850e+01
143 2.352586e-01 2.096336e+01 1.338018e+01 1.332629e+02 1.526570e+03 5.800784e+01 6.182358e+01
144 2.367620e-01 2.108209e+01 1.336798e+01 1.334451e+02 1.529993e+03 5.808520e+01 6.189842e+01
145 2.382629e-01 2.120045e+01 1.335602e+01 1.336146e+02 1.533527e+03 5.816233e+01 6.197302e+01
146 2.397613e-01 2.131844e+01 1.334277e+01 1.337694e+02 1.536869e+03 5.823923e+01 6.204739e+01
147 2.412573e-01 2.143606e+01 1.331686e+01 1.339255e+02 1.540270e+03 5.831590e+01 6.212153e+01
148 2.427509e-01 2.155331e+01 1.329292e+01 1.340910e+02 1.543538e+03 5.839234e+01 6.219543e+01
149 2.442420e-01 2.167020e+01 1.326803e+01 1.342598e+02 1.546822e+03 5.846856e+01 6.226909e+01
150 2.457307e-01 2.178672e+01 1.324449e+01 1.344219e+02 1.550308e+03 5.854455e+01 6.234252e+01
151 2.472169e-01 2.190287e+01 1.322283e+01 1.345801e+02 1.553462e+03 5.862031e+01 6.241571e+01
152 2.487006e-01 2.201866e+01 1.320048e+01 1.347319e+02 1.556680e+03 5.869584e+01 6.248866e+01
153 2.501819e-01 2.213409e+01 1.317858e+01 1.348733e+02 1.560174e+03 5.877115e+01 6.256139e+01
154 2.516608e-01 2.224916e+01 1.315499e+01 1.349973e+02 1.563472e+03 5.884623e+01 6.263387e+01
155 2.531372e-01 2.236386e+01 1.313090e+01 1.351199e+02 1.566647e+03 5.892108e+01 6.270613e+01
156 2.546111e-01 2.247821e+01 1.310958e+01 1.352512e+02 1.569755e+03 5.899570e+01 6.277815e+01
157 2.560826e-01 2.259220e+01 1.308611e+01 1.353784e+02 1.572857e+03 5.907009e+01 6.284993e+01
158 2.575516e-01 2.270583e+01 1.306531e+01 1.354923e+02 1.576067e+03 5.914426e+01 6.292148e+01
159 2.590182e-01 2.281910e+01 1.304420e+01 1.355984e+02 1.579292e+03 5.921820e+01 6.299280e+01
160 2.604823e-01 2.293202e+01 1.302259e+01 1.357022e+02 1.582406e+03 5.929192e+01 6.306389e+01
161 2.619440e-01 2.304459e+01 1.300141e+01 1.358035e+02 1.585806e+03 5.936541e+01 6.313474e+01
162 2.634032e-01 2.315680e+01 1.297936e+01 1.359064e+02 1.589021e+03 5.943867e+01 6.320536e+01
163 2.648599e-01 2.326866e+01 1.295649e+01 1.360184e+02 1.592149e+03 5.951170e+01 6.327575e+01
164 2.663142e-01 2.338016e+01 1.293521e+01 1.361264e+02 1.595218e+03 5.958451e+01 6.334590e+01
165 2.677660e-01 2.349132e+01 1.291235e+01 1.362378e+02 1.598302e+03 5.965710e+01 6.341583e+01
166 2.692154e-01 2.360213e+01 1.289299e+01 1.363404e+02 1.601379e+03 5.972945e+01 6.348552e+01
167 2.706623e-01 2.371259e+01 1.287321e+01 1.364349e+02 1.604565e+03 5.980158e+01 6.355498e+01
168 2.721067e-01 2.382270e+01 1.285122e+01 1.365201e+02 1.607703e+03 5.987349e+01 6.362421e+01
169 2.735487e-01 2.393247e+01 1.282910e+01 1.366182e+02 1.610979e+03 5.994517e+01 6.369321e+01
170 2.749883e-01 2.404190e+01 1.280937e+01 1.367332e+02 1.614290e+03 6.001663e+01 6.353558e+01
171 2.764253e-01 2.415098e+01 1.279123e+01 1.368476e+02 1.617367e+03 6.008786e+01 6.360429e+01
172 2.778600e-01 2.425971e+01 1.277552e+01 1.369581e+02 1.620193e+03 6.015887e+01 6.367276e+01
173 2.792922e-01 2.436811e+01 1.275760e+01 1.370789e+02 1.623074e+03 6.022965e+01 6.374101e+01
174 2.807219e-01 2.447616e+01 1.274298e+01 1.371914e+02 1.625992e+03 6.030021e+01 6.380902e+01
175 2.821492e-01 2.458388e+01 1.272106e+01 1.372973e+02 1.628980e+03 6.037055e+01 6.387681e+01
176 2.835740e-01 2.469126e+01 1.269600e+01 1.374041e+02 1.632140e+03 6.044067e+01 6.394437e+01
177 2.849963e-01 2.479830e+01 1.267117e+01 1.375197e+02 1.635254e+03 6.051056e+01 6.401171e+01
178 2.864163e-01 2.490500e+01 1.264628e+01 1.376541e+02 1.638288e+03 6.058023e+01 6.430392e+01
179 2.878337e-01 2.501137e+01 1.262751e+01 1.377690e+02 1.641288e+03 6.064967e+01 6.437064e+01
180 2.892488e-01 2.511741e+01 1.260862e+01 1.378857e+02 1.644392e+03 6.071890e+01 6.443713e+01
181 2.906614e-01 2.522311e+01 1.259625e+01 1.380069e+02 1.646590e+03 6.078790e+01 6.450340e+01
182 2.920715e-01 2.532849e+01 1.257086e+01 1.381187e+02 1.650213e+03 6.085668e+01 6.456944e+01
183 2.934792e-01 2.543353e+01 1.256498e+01 1.382210e+02 1.651795e+03 6.092524e+01 6.463526e+01
184 2.948845e-01 2.553824e+01 1.253357e+01 1.383175e+02 1.656368e+03 6.099359e+01 6.470085e+01
185 2.962873e-01 2.564262e+01 1.252949e+01 1.384211e+02 1.657569e+03 6.106171e+01 6.476622e+01
186 2.976877e-01 2.574668e+01 1.249536e+01 1.385466e+02 1.662174e+03 6.112961e+01 6.505504e+01
187 2.990856e-01 2.585041e+01 1.249416e+01 1.386649e+02 1.663298e+03 6.119729e+01 6.511979e+01
188 3.004811e-01 2.595381e+01 1.246656e+01 1.387812e+02 1.668062e+03 6.126475e+01 6.518433e+01
189 3.018742e-01 2.605689e+01 1.246648e+01 1.388839e+02 1.669237e+03 6.133200e+01 6.524864e+01
190 3.032648e-01 2.615965e+01 1.243839e+01 1.389847e+02 1.673932e+03 6.139903e+01 6.531273e+01
191 3.046531e-01 2.626208e+01 1.243768e+01 1.390840e+02 1.675056e+03 6.146584e+01 6.537661e+01
192 3.060389e-01 2.636420e+01 1.240782e+01 1.391791e+02 1.679799e+03 6.153243e+01 6.544026e+01
193 3.074222e-01 2.646599e+01 1.240569e+01 1.392759e+02 1.681002e+03 6.159880e+01 6.550369e+01
194 3.088032e-01 2.656747e+01 1.238162e+01 1.393911e+02 1.685566e+03 6.166496e+01 6.578912e+01
195 3.101817e-01 2.666863e+01 1.238292e+01 1.394933e+02 1.686711e+03 6.173090e+01 6.585194e+01
196 3.115578e-01 2.676947e+01 1.235994e+01 1.395809e+02 1.691349e+03 6.179663e+01 6.591455e+01
197 3.129315e-01 2.687000e+01 1.236322e+01 1.396597e+02 1.692457e+03 6.186214e+01 6.597694e+01
198 3.143028e-01 2.697021e+01 1.234116e+01 1.397374e+02 1.697059e+03 6.192744e+01 6.603911e+01
199 3.156717e-01 2.707011e+01 1.234190e+01 1.398142e+02 1.698152e+03 6.199252e+01 6.610106e+01
200 3.170381e-01 2.716970e+01 1.231681e+01 1.398893e+02 1.702728e+03 6.205739e+01 6.616280e+01
201 3.184022e-01 2.726898e+01 1.231952e+01 1.399590e+02 1.703606e+03 6.212205e+01 6.622432e+01
202 3.197639e-01 2.736795e+01 1.228996e+01 1.400338e+02 1.708883e+03 6.218649e+01 6.628563e+01
203 3.211231e-01 2.746660e+01 1.229395e+01 1.401157e+02 1.709735e+03 6.225072e+01 6.634672e+01
204 3.224800e-01 2.756496e+01 1.226664e+01 1.401974e+02 1.714832e+03 6.231474e+01 6.640760e+01
205 3.238344e-01 2.766300e+01 1.227134e+01 1.402775e+02 1.715562e+03 6.237855e+01 6.646826e+01
206 3.251865e-01 2.776074e+01 1.224560e+01 1.403500e+02 1.720503e+03 6.244215e+01 6.652872e+01
207 3.265362e-01 2.785817e+01 1.225002e+01 1.404184e+02 1.721287e+03 6.250553e+01 6.658895e+01
208 3.278835e-01 2.795530e+01 1.222049e+01 1.404859e+02 1.726344e+03 6.256871e+01 6.664898e+01
209 3.292284e-01 2.805213e+01 1.222120e+01 1.405526e+02 1.727431e+03 6.263168e+01 6.670880e+01
210 3.305709e-01 2.814866e+01 1.219333e+01 1.406236e+02 1.732042e+03 6.269443e+01 6.676840e+01
211 3.319111e-01 2.824489e+01 1.219331e+01 1.407026e+02 1.733261e+03 6.275698e+01 6.682780e+01
212 3.332488e-01 2.834081e+01 1.216638e+01 1.407854e+02 1.738057e+03 6.281933e+01 6.688698e+01
213 3.345842e-01 2.843644e+01 1.216731e+01 1.408684e+02 1.739276e+03 6.288146e+01 6.694596e+01
214 3.359173e-01 2.853178e+01 1.214245e+01 1.409611e+02 1.743901e+03 6.294339e+01 6.700473e+01
215 3.372479e-01 2.862681e+01 1.214297e+01 1.410506e+02 1.745205e+03 6.300511e+01 6.706329e+01
216 3.385763e-01 2.872156e+01 1.211901e+01 1.411346e+02 1.749459e+03 6.306662e+01 6.712164e+01
217 3.399022e-01 2.881601e+01 1.211574e+01 1.412248e+02 1.750914e+03 6.312793e+01 6.717979e+01
218 3.412258e-01 2.891016e+01 1.208899e+01 1.413118e+02 1.755233e+03 6.318904e+01 6.723773e+01
219 3.425470e-01 2.900403e+01 1.208312e+01 1.414003e+02 1.757034e+03 6.324994e+01 6.729546e+01
220 3.438659e-01 2.909760e+01 1.205803e+01 1.414881e+02 1.761234e+03 6.331064e+01 6.735299e+01
221 3.451825e-01 2.919089e+01 1.205390e+01 1.415863e+02 1.762973e+03 6.337113e+01 6.741032e+01
222 3.464967e-01 2.928388e+01 1.203140e+01 1.416827e+02 1.766986e+03 6.343142e+01 6.746744e+01
223 3.478085e-01 2.937659e+01 1.202677e+01 1.417721e+02 1.768840e+03 6.349151e+01 6.752436e+01
224 3.491180e-01 2.946901e+01 1.200747e+01 1.418598e+02 1.772525e+03 6.355140e+01 6.758108e+01
225 3.504252e-01 2.956115e+01 1.199796e+01 1.419474e+02 1.774731e+03 6.361109e+01 6.763760e+01
226 3.517301e-01 2.965300e+01 1.197531e+01 1.420352e+02 1.778320e+03 6.367057e+01 6.769391e+01
227 3.530326e-01 2.974457e+01 1.196260e+01 1.421172e+02 1.780852e+03 6.372986e+01 6.775003e+01
228 3.543328e-01 2.983586e+01 1.193863e+01 1.421971e+02 1.784272e+03 6.378895e+01 6.780594e+01
229 3.556307e-01 2.992687e+01 1.191797e+01 1.422771e+02 1.787036e+03 6.384784e+01 6.786166e+01
230 3.569263e-01 3.001759e+01 1.189480e+01 1.423462e+02 1.790244e+03 6.390653e+01 6.791718e+01
231 3.582196e-01 3.010804e+01 1.187569e+01 1.424201e+02 1.793020e+03 6.396502e+01 6.797250e+01
232 3.595105e-01 3.019821e+01 1.185593e+01 1.424913e+02 1.796005e+03 6.402331e+01 6.802762e+01
233 3.607992e-01 3.028810e+01 1.183605e+01 1.425606e+02 1.798820e+03 6.408141e+01 6.808255e+01
234 3.620856e-01 3.037772e+01 1.181182e+01 1.426306e+02 1.801787e+03 6.413932e+01 6.813728e+01
235 3.633696e-01 3.046706e+01 1.178857e+01 1.426964e+02 1.804743e+03 6.419703e+01 6.819182e+01
236 3.646514e-01 3.055613e+01 1.176439e+01 1.427612e+02 1.807775e+03 6.425454e+01 6.824616e+01
237 3.659309e-01 3.064493e+01 1.174095e+01 1.428215e+02 1.810821e+03 6.431186e+01 6.830030e+01
238 3.672081e-01 3.073345e+01 1.171881e+01 1.428812e+02 1.813814e+03 6.436898e+01 6.835426e+01
239 3.684830e-01 3.082170e+01 1.169740e+01 1.429384e+02 1.816770e+03 6.442592e+01 6.840802e+01
240 3.697556e-01 3.090969e+01 1.167680e+01 1.429945e+02 1.819646e+03 6.448266e+01 6.846159e+01
241 3.710260e-01 3.099740e+01 1.165689e+01 1.430646e+02 1.822448e+03 6.453920e+01 6.851496e+01
242 3.722941e-01 3.108485e+01 1.163543e+01 1.431294e+02 1.825337e+03 6.459556e+01 6.856815e+01
243 3.735599e-01 3.117203e+01 1.161073e+01 1.431922e+02 1.828362e+03 6.465173e+01 6.862115e+01
244 3.748235e-01 3.125894e+01 1.158670e+01 1.432529e+02 1.831422e+03 6.470770e+01 6.867395e+01
245 3.760848e-01 3.134559e+01 1.156259e+01 1.433123e+02 1.834474e+03 6.476349e+01 6.872657e+01
246 3.773439e-01 3.143198e+01 1.153824e+01 1.433696e+02 1.837559e+03 6.481909e+01 6.877900e+01
247 3.786007e-01 3.151810e+01 1.151539e+01 1.434237e+02 1.840536e+03 6.487450e+01 6.883124e+01
248 3.798553e-01 3.160396e+01 1.149272e+01 1.434757e+02 1.843525e+03 6.492972e+01 6.888330e+01
249 3.811076e-01 3.168956e+01 1.147156e+01 1.435318e+02 1.846420e+03 6.498476e+01 6.893517e+01
250 3.823577e-01 3.177490e+01 1.145108e+01 1.435916e+02 1.849246e+03 6.503960e+01 6.898685e+01
251 3.836056e-01 3.185999e+01 1.142879e+01 1.436574e+02 1.852150e+03 6.509427e+01 6.903835e+01
252 3.848512e-01 3.194481e+01 1.140417e+01 1.437319e+02 1.855164e+03 6.514874e+01 6.908967e+01
253 3.860946e-01 3.202938e+01 1.137901e+01 1.438051e+02 1.858240e+03 6.520304e+01 6.914080e+01
254 3.873358e-01 3.211369e+01 1.135604e+01 1.438778e+02 1.861077e+03 6.525715e+01 6.940370e+01
255 3.885748e-01 3.219775e+01 1.133495e+01 1.439528e+02 1.864174e+03 6.531107e+01 6.945430e+01
256 3.898115e-01 3.228155e+01 1.131444e+01 1.440294e+02 1.867204e+03 6.536481e+01 6.950471e+01
257 3.910461e-01 3.236510e+01 1.129449e+01 1.441042e+02 1.870218e+03 6.541837e+01 6.955495e+01
258 3.922784e-01 3.244840e+01 1.127532e+01 1.441744e+02 1.873185e+03 6.547175e+01 6.960500e+01
259 3.935086e-01 3.253145e+01 1.125842e+01 1.442351e+02 1.875830e+03 6.552495e+01 6.986588e+01
260 3.947366e-01 3.261425e+01 1.124099e+01 1.442995e+02 1.878823e+03 6.557796e+01 6.991540e+01
261 3.959623e-01 3.269679e+01 1.122177e+01 1.443574e+02 1.881962e+03 6.563080e+01 6.996475e+01
262 3.971859e-01 3.277910e+01 1.120205e+01 1.444167e+02 1.885158e+03 6.568345e+01 7.001392e+01
263 3.984073e-01 3.286115e+01 1.118208e+01 1.444826e+02 1.888396e+03 6.573593e+01 7.006292e+01
264 3.996265e-01 3.294296e+01 1.116577e+01 1.445480e+02 1.891344e+03 6.578823e+01 7.032178e+01
265 4.008436e-01 3.302452e+01 1.115056e+01 1.446108e+02 1.894538e+03 6.584036e+01 7.037025e+01
266 4.020585e-01 3.310584e+01 1.113559e+01 1.446730e+02 1.897676e+03 6.589230e+01 7.041855e+01
267 4.032712e-01 3.318691e+01 1.112053e+01 1.447326e+02 1.900784e+03 6.594407e+01 7.046668e+01
268 4.044818e-01 3.326775e+01 1.110611e+01 1.447925e+02 1.903866e+03 6.599566e+01 7.051463e+01
269 4.056902e-01 3.334834e+01 1.108495e+01 1.448505e+02 1.907114e+03 6.604708e+01 7.056240e+01
270 4.068965e-01 3.342869e+01 1.106185e+01 1.449115e+02 1.910413e+03 6.609833e+01 7.061001e+01
271 4.081006e-01 3.350880e+01 1.103851e+01 1.449799e+02 1.913735e+03 6.614940e+01 7.065744e+01
272 4.093025e-01 3.358867e+01 1.101564e+01 1.450494e+02 1.917120e+03 6.620029e+01 7.070471e+01
273 4.105024e-01 3.366831e+01 1.099258e+01 1.451188e+02 1.920543e+03 6.625102e+01 7.075180e+01
274 4.117001e-01 3.374771e+01 1.096972e+01 1.451880e+02 1.923851e+03 6.630157e+01 7.079872e+01
275 4.128957e-01 3.382687e+01 1.094759e+01 1.452555e+02 1.927155e+03 6.635195e+01 7.084548e+01
276 4.140891e-01 3.390579e+01 1.092593e+01 1.453219e+02 1.930424e+03 6.640216e+01 7.089206e+01
277 4.152804e-01 3.398449e+01 1.090446e+01 1.453896e+02 1.933994e+03 6.645220e+01 7.073061e+01
278 4.164697e-01 3.406295e+01 1.088213e+01 1.454541e+02 1.937402e+03 6.650207e+01 7.077702e+01
279 4.176568e-01 3.414118e+01 1.085929e+01 1.455091e+02 1.940838e+03 6.655177e+01 7.082328e+01
280 4.188418e-01 3.421917e+01 1.083551e+01 1.455599e+02 1.944368e+03 6.660130e+01 7.086936e+01
281 4.200247e-01 3.429694e+01 1.081169e+01 1.456181e+02 1.947868e+03 6.665066e+01 7.091528e+01
282 4.212055e-01 3.437448e+01 1.078822e+01 1.456774e+02 1.951345e+03 6.669986e+01 7.096103e+01
283 4.223842e-01 3.445178e+01 1.076514e+01 1.457413e+02 1.954784e+03 6.674889e+01 7.100662e+01
284 4.235608e-01 3.452887e+01 1.074266e+01 1.458061e+02 1.958117e+03 6.679775e+01 7.105205e+01
285 4.247354e-01 3.460572e+01 1.071966e+01 1.458700e+02 1.961489e+03 6.684645e+01 7.109731e+01
286 4.259078e-01 3.468235e+01 1.069653e+01 1.459395e+02 1.964843e+03 6.689499e+01 7.114241e+01
287 4.270782e-01 3.475875e+01 1.067177e+01 1.460114e+02 1.968281e+03 6.694335e+01 7.118735e+01
288 4.282466e-01 3.483493e+01 1.064558e+01 1.460851e+02 1.971772e+03 6.699156e+01 7.123213e+01
289 4.294128e-01 3.491088e+01 1.061922e+01 1.461560e+02 1.975292e+03 6.703960e+01 7.127675e+01
290 4.305770e-01 3.498662e+01 1.059286e+01 1.462228e+02 1.978887e+03 6.708748e+01 7.132121e+01
291 4.317392e-01 3.506213e+01 1.056632e+01 1.462901e+02 1.982423e+03 6.713520e+01 7.136551e+01
