# it strain shortening ε_f δT D θ θc
1 0.000000e+00 0.000000e+00 1.597470e+00 0.000000e+00 4.995896e+03 4.595803e+01 4.574018e+01
2 1.770244e-03 1.768678e-01 1.658857e+00 1.984452e+00 4.878714e+03 4.605940e+01 4.584156e+01
3 3.539646e-03 3.533389e-01 1.720063e+00 3.922291e+00 4.733811e+03 4.616070e+01 4.594287e+01
4 5.308184e-03 5.294120e-01 1.784244e+00 5.812128e+00 4.586241e+03 4.626194e+01 4.604413e+01
5 7.075837e-03 7.050863e-01 1.851503e+00 7.656418e+00 4.439986e+03 4.636311e+01 4.614532e+01
6 8.842586e-03 8.803605e-01 1.921970e+00 9.457223e+00 4.296967e+03 4.646422e+01 4.624644e+01
7 1.060841e-02 1.055234e+00 1.995822e+00 1.121629e+01 4.158503e+03 4.656525e+01 4.634750e+01
8 1.237328e-02 1.229705e+00 2.073254e+00 1.293644e+01 4.025194e+03 4.666621e+01 4.644848e+01
9 1.413719e-02 1.403773e+00 2.154510e+00 1.461885e+01 3.897017e+03 4.676709e+01 4.654938e+01
10 1.590012e-02 1.577438e+00 2.239850e+00 1.626467e+01 3.773922e+03 4.686790e+01 4.665021e+01
11 1.766203e-02 1.750697e+00 2.329577e+00 1.787512e+01 3.655767e+03 4.696862e+01 4.675096e+01
12 1.942292e-02 1.923551e+00 2.424299e+00 1.946039e+01 3.540767e+03 4.706926e+01 4.685163e+01
13 2.118276e-02 2.095998e+00 2.523952e+00 2.113945e+01 3.431321e+03 4.716982e+01 4.695221e+01
14 2.294153e-02 2.268037e+00 2.627360e+00 2.280924e+01 3.330772e+03 4.727029e+01 4.705271e+01
15 2.469921e-02 2.439668e+00 2.734219e+00 2.446733e+01 3.237238e+03 4.737066e+01 4.715312e+01
16 2.645579e-02 2.610890e+00 2.846222e+00 2.611477e+01 3.147411e+03 4.747095e+01 4.725344e+01
17 2.821124e-02 2.781702e+00 2.964065e+00 2.775470e+01 3.060509e+03 4.757114e+01 4.735366e+01
18 2.996555e-02 2.952103e+00 3.118275e+00 2.938872e+01 2.922400e+03 4.448876e+01 4.610087e+01
19 3.171869e-02 3.122092e+00 3.250738e+00 3.101849e+01 2.843311e+03 4.458919e+01 4.620135e+01
20 3.347064e-02 3.291670e+00 3.389719e+00 3.264588e+01 2.767404e+03 4.468957e+01 4.676203e+01
21 3.522139e-02 3.460834e+00 3.533130e+00 3.430906e+01 2.693621e+03 4.478987e+01 4.686237e+01
22 3.697092e-02 3.629584e+00 3.680586e+00 3.598670e+01 2.624768e+03 4.489011e+01 4.742264e+01
23 3.871921e-02 3.797920e+00 3.832470e+00 3.766389e+01 2.559055e+03 4.499028e+01 4.752282e+01
24 4.046623e-02 3.965841e+00 3.993177e+00 3.933640e+01 2.531204e+03 4.826964e+01 4.805243e+01
25 4.221198e-02 4.133346e+00 4.172960e+00 4.100683e+01 2.464524e+03 4.836899e+01 4.815183e+01
26 4.395643e-02 4.300435e+00 4.363948e+00 4.267958e+01 2.397548e+03 4.846823e+01 4.825111e+01
27 4.569957e-02 4.467107e+00 4.564372e+00 4.435795e+01 2.334220e+03 4.856735e+01 4.878442e+01
28 4.744137e-02 4.633362e+00 4.774057e+00 4.609000e+01 2.270138e+03 4.866635e+01 4.888338e+01
29 4.918182e-02 4.799198e+00 4.824679e+00 4.777790e+01 2.236217e+03 4.902386e+01 4.882677e+01
30 5.092090e-02 4.964616e+00 5.049561e+00 4.951681e+01 2.174860e+03 4.912249e+01 4.892546e+01
31 5.265859e-02 5.129615e+00 5.288745e+00 5.125444e+01 2.114142e+03 4.922100e+01 4.902401e+01
32 5.439488e-02 5.294194e+00 5.541757e+00 5.299395e+01 2.055907e+03 4.931938e+01 4.951632e+01
33 5.612975e-02 5.458354e+00 5.805183e+00 5.474710e+01 1.998007e+03 4.941763e+01 4.961451e+01
34 5.786317e-02 5.622093e+00 6.079048e+00 5.654027e+01 1.942574e+03 4.951574e+01 4.971257e+01
35 5.959514e-02 5.785411e+00 6.363504e+00 5.833085e+01 1.889481e+03 4.961372e+01 4.981050e+01
36 6.132563e-02 5.948307e+00 6.659646e+00 6.011002e+01 1.837941e+03 4.971156e+01 4.990828e+01
37 6.305464e-02 6.110782e+00 6.965670e+00 6.187830e+01 1.788573e+03 4.980926e+01 5.000592e+01
38 6.478213e-02 6.272835e+00 7.279771e+00 6.363688e+01 1.741008e+03 4.990682e+01 5.010343e+01
39 6.650810e-02 6.434466e+00 7.602386e+00 6.542860e+01 1.694911e+03 5.000423e+01 5.020078e+01
40 6.823253e-02 6.595674e+00 7.929934e+00 6.720560e+01 1.651297e+03 5.010150e+01 5.029799e+01
41 6.995540e-02 6.756459e+00 8.266053e+00 6.895811e+01 1.609227e+03 5.019862e+01 5.039505e+01
42 7.167669e-02 6.916821e+00 8.610805e+00 7.068201e+01 1.568580e+03 5.029560e+01 5.049197e+01
43 7.339640e-02 7.076759e+00 8.958993e+00 7.238886e+01 1.530541e+03 5.039242e+01 5.058873e+01
44 7.511450e-02 7.236274e+00 9.302141e+00 7.409515e+01 1.495566e+03 5.048909e+01 5.068533e+01
45 7.683098e-02 7.395364e+00 9.640464e+00 7.582461e+01 1.463191e+03 5.058560e+01 5.078178e+01
46 7.854582e-02 7.554030e+00 9.972935e+00 7.765057e+01 1.433546e+03 5.068196e+01 5.087808e+01
47 8.025901e-02 7.712272e+00 1.029295e+01 7.943939e+01 1.405837e+03 5.077817e+01 5.097421e+01
48 8.197054e-02 7.870090e+00 1.059858e+01 8.118604e+01 1.380491e+03 5.087421e+01 5.107019e+01
49 8.368038e-02 8.027482e+00 1.088649e+01 8.292385e+01 1.357177e+03 5.097009e+01 5.155780e+01
50 8.538852e-02 8.184450e+00 1.121688e+01 8.463441e+01 1.349557e+03 5.358628e+01 5.340129e+01
51 8.709494e-02 8.340993e+00 1.158349e+01 8.628626e+01 1.328785e+03 5.367964e+01 5.349475e+01
52 8.879964e-02 8.497111e+00 1.194828e+01 8.789271e+01 1.309336e+03 5.377282e+01 5.358802e+01
53 9.050260e-02 8.652804e+00 1.230075e+01 8.943704e+01 1.291353e+03 5.386580e+01 5.368110e+01
54 9.220380e-02 8.808072e+00 1.264168e+01 9.096236e+01 1.274931e+03 5.395860e+01 5.377399e+01
55 9.390323e-02 8.962915e+00 1.296517e+01 9.243811e+01 1.259987e+03 5.405120e+01 5.386668e+01
56 9.560088e-02 9.117332e+00 1.327197e+01 9.384892e+01 1.246720e+03 5.414360e+01 5.395919e+01
57 9.729672e-02 9.271325e+00 1.356277e+01 9.518733e+01 1.235379e+03 5.423581e+01 5.405149e+01
58 9.899076e-02 9.424892e+00 1.382999e+01 9.646543e+01 1.225342e+03 5.432782e+01 5.414360e+01
59 1.006830e-01 9.578034e+00 1.406971e+01 9.770696e+01 1.216757e+03 5.441963e+01 5.423551e+01
60 1.023733e-01 9.730752e+00 1.429298e+01 9.888854e+01 1.209663e+03 5.451124e+01 5.432723e+01
61 1.040618e-01 9.883044e+00 1.449801e+01 1.000556e+02 1.203241e+03 5.460266e+01 5.441874e+01
62 1.057485e-01 1.003491e+01 1.467699e+01 1.011526e+02 1.197823e+03 5.469386e+01 5.451005e+01
63 1.074333e-01 1.018635e+01 1.483688e+01 1.022043e+02 1.193922e+03 5.478487e+01 5.496858e+01
64 1.091161e-01 1.033737e+01 1.498867e+01 1.031960e+02 1.190436e+03 5.487567e+01 5.505928e+01
65 1.107971e-01 1.048797e+01 1.511344e+01 1.041820e+02 1.187927e+03 5.496627e+01 5.514977e+01
66 1.124762e-01 1.063814e+01 1.522327e+01 1.051119e+02 1.186081e+03 5.505665e+01 5.524005e+01
67 1.141533e-01 1.078788e+01 1.530743e+01 1.059965e+02 1.185189e+03 5.514683e+01 5.533012e+01
68 1.158285e-01 1.093720e+01 1.537301e+01 1.068039e+02 1.185337e+03 5.523680e+01 5.541999e+01
69 1.175017e-01 1.108610e+01 1.543124e+01 1.076722e+02 1.185951e+03 5.532656e+01 5.550964e+01
70 1.191730e-01 1.123458e+01 1.547017e+01 1.085602e+02 1.188609e+03 5.541611e+01 5.558444e+01
71 1.208423e-01 1.138263e+01 1.551269e+01 1.094104e+02 1.189475e+03 5.550545e+01 5.567368e+01
72 1.225096e-01 1.153026e+01 1.553953e+01 1.102298e+02 1.190772e+03 5.559458e+01 5.576270e+01
73 1.241749e-01 1.167746e+01 1.555178e+01 1.110407e+02 1.192746e+03 5.568349e+01 5.585151e+01
74 1.258382e-01 1.182425e+01 1.557067e+01 1.118204e+02 1.197123e+03 5.577218e+01 5.592767e+01
75 1.274994e-01 1.197061e+01 1.558175e+01 1.125412e+02 1.199213e+03 5.586066e+01 5.601605e+01
76 1.291587e-01 1.211655e+01 1.558909e+01 1.132435e+02 1.201714e+03 5.594892e+01 5.610422e+01
77 1.308158e-01 1.226207e+01 1.558760e+01 1.139029e+02 1.207655e+03 5.603697e+01 5.618146e+01
78 1.324710e-01 1.240716e+01 1.558062e+01 1.145475e+02 1.210489e+03 5.612479e+01 5.626920e+01
79 1.341240e-01 1.255184e+01 1.556038e+01 1.151570e+02 1.217268e+03 5.621240e+01 5.634740e+01
80 1.357750e-01 1.269610e+01 1.554694e+01 1.157480e+02 1.220299e+03 5.629979e+01 5.643470e+01
81 1.374239e-01 1.283994e+01 1.553488e+01 1.162941e+02 1.223486e+03 5.638695e+01 5.652178e+01
82 1.390707e-01 1.298335e+01 1.551532e+01 1.168457e+02 1.227272e+03 5.647390e+01 5.660864e+01
83 1.407154e-01 1.312635e+01 1.549378e+01 1.173413e+02 1.234074e+03 5.656062e+01 5.668711e+01
84 1.423580e-01 1.326893e+01 1.546743e+01 1.178666e+02 1.237451e+03 5.664711e+01 5.677353e+01
85 1.439985e-01 1.341110e+01 1.543378e+01 1.183590e+02 1.241031e+03 5.673339e+01 5.685972e+01
86 1.456368e-01 1.355284e+01 1.540949e+01 1.188629e+02 1.248311e+03 5.681944e+01 5.693847e+01
87 1.472730e-01 1.369417e+01 1.538045e+01 1.192862e+02 1.252412e+03 5.690526e+01 5.702422e+01
88 1.489070e-01 1.383508e+01 1.535035e+01 1.197039e+02 1.259970e+03 5.699086e+01 5.710331e+01
89 1.505389e-01 1.397557e+01 1.532053e+01 1.201511e+02 1.263788e+03 5.707623e+01 5.718861e+01
90 1.521686e-01 1.411565e+01 1.528701e+01 1.205884e+02 1.267398e+03 5.716137e+01 5.727368e+01
91 1.537961e-01 1.425532e+01 1.525283e+01 1.210016e+02 1.271456e+03 5.724629e+01 5.735852e+01
92 1.554215e-01 1.439457e+01 1.522675e+01 1.213892e+02 1.278707e+03 5.733098e+01 5.743738e+01
93 1.570446e-01 1.453341e+01 1.519526e+01 1.217577e+02 1.282832e+03 5.741544e+01 5.752177e+01
94 1.586655e-01 1.467183e+01 1.516133e+01 1.221144e+02 1.286786e+03 5.749967e+01 5.760592e+01
95 1.602843e-01 1.480984e+01 1.513237e+01 1.224985e+02 1.290767e+03 5.758366e+01 5.768985e+01
96 1.619007e-01 1.494744e+01 1.510185e+01 1.228696e+02 1.298217e+03 5.766743e+01 5.776837e+01
97 1.635150e-01 1.508463e+01 1.506834e+01 1.232245e+02 1.302098e+03 5.775097e+01 5.785184e+01
98 1.651271e-01 1.522140e+01 1.503336e+01 1.235428e+02 1.309710e+03 5.783428e+01 5.793038e+01
99 1.667369e-01 1.535777e+01 1.500263e+01 1.238775e+02 1.313587e+03 5.791735e+01 5.801339e+01
100 1.683444e-01 1.549373e+01 1.496950e+01 1.242053e+02 1.317536e+03 5.800019e+01 5.809616e+01
101 1.699497e-01 1.562927e+01 1.493319e+01 1.245267e+02 1.321503e+03 5.808280e+01 5.817871e+01
102 1.715527e-01 1.576441e+01 1.490210e+01 1.248409e+02 1.325451e+03 5.816518e+01 5.826101e+01
103 1.731535e-01 1.589914e+01 1.487774e+01 1.251470e+02 1.329334e+03 5.824732e+01 5.834309e+01
104 1.747519e-01 1.603347e+01 1.484991e+01 1.254522e+02 1.333055e+03 5.832923e+01 5.842493e+01
105 1.763481e-01 1.616739e+01 1.481414e+01 1.257503e+02 1.336990e+03 5.841090e+01 5.850653e+01
106 1.779420e-01 1.630090e+01 1.478555e+01 1.260535e+02 1.344404e+03 5.849234e+01 5.858366e+01
107 1.795336e-01 1.643401e+01 1.475575e+01 1.263520e+02 1.348161e+03 5.857355e+01 5.866480e+01
108 1.811229e-01 1.656672e+01 1.472551e+01 1.266419e+02 1.352112e+03 5.865452e+01 5.874570e+01
109 1.827099e-01 1.669902e+01 1.468857e+01 1.269105e+02 1.356022e+03 5.873525e+01 5.882637e+01
110 1.842946e-01 1.683092e+01 1.466173e+01 1.272047e+02 1.363828e+03 5.881575e+01 5.890292e+01
111 1.858769e-01 1.696242e+01 1.464789e+01 1.279376e+02 1.349296e+03 6.055924e+01 6.042491e+01
112 1.874569e-01 1.709352e+01 1.465224e+01 1.286511e+02 1.351072e+03 6.063668e+01 6.050246e+01
113 1.890346e-01 1.722421e+01 1.465112e+01 1.293345e+02 1.352824e+03 6.071387e+01 6.057977e+01
114 1.906100e-01 1.735451e+01 1.466231e+01 1.299870e+02 1.351624e+03 6.090704e+01 6.076364e+01
115 1.921830e-01 1.748441e+01 1.467120e+01 1.306162e+02 1.351964e+03 6.098356e+01 6.084028e+01
116 1.937536e-01 1.761392e+01 1.468220e+01 1.312194e+02 1.352556e+03 6.105984e+01 6.091668e+01
117 1.953219e-01 1.774302e+01 1.469575e+01 1.318334e+02 1.352971e+03 6.113588e+01 6.099284e+01
118 1.968879e-01 1.787173e+01 1.471829e+01 1.324197e+02 1.341740e+03 6.134453e+01 6.119083e+01
119 1.984515e-01 1.800004e+01 1.474316e+01 1.329753e+02 1.340701e+03 6.141987e+01 6.126630e+01
120 2.000127e-01 1.812796e+01 1.475500e+01 1.335110e+02 1.339641e+03 6.149496e+01 6.134152e+01
121 2.015715e-01 1.825549e+01 1.476758e+01 1.340221e+02 1.339104e+03 6.156981e+01 6.141650e+01
122 2.031280e-01 1.838262e+01 1.478405e+01 1.345111e+02 1.338559e+03 6.164442e+01 6.149124e+01
123 2.046821e-01 1.850937e+01 1.480467e+01 1.350062e+02 1.337725e+03 6.171879e+01 6.156574e+01
124 2.062338e-01 1.863572e+01 1.482319e+01 1.354781e+02 1.337145e+03 6.179292e+01 6.164000e+01
125 2.077831e-01 1.876168e+01 1.482959e+01 1.359311e+02 1.336977e+03 6.186680e+01 6.171402e+01
126 2.093301e-01 1.888725e+01 1.483535e+01 1.363644e+02 1.336796e+03 6.194045e+01 6.178779e+01
127 2.108746e-01 1.901244e+01 1.484983e+01 1.367813e+02 1.336564e+03 6.201386e+01 6.186133e+01
128 2.124167e-01 1.913723e+01 1.486253e+01 1.371707e+02 1.336900e+03 6.208702e+01 6.193463e+01
129 2.139564e-01 1.926165e+01 1.486528e+01 1.375649e+02 1.337107e+03 6.215994e+01 6.200768e+01
130 2.154938e-01 1.938567e+01 1.486388e+01 1.379522e+02 1.337354e+03 6.223263e+01 6.208050e+01
131 2.170287e-01 1.950931e+01 1.486255e+01 1.383195e+02 1.338147e+03 6.230507e+01 6.215308e+01
132 2.185612e-01 1.963257e+01 1.486154e+01 1.386635e+02 1.338837e+03 6.237728e+01 6.222541e+01
133 2.200913e-01 1.975544e+01 1.486202e+01 1.389899e+02 1.339244e+03 6.244924e+01 6.229751e+01
134 2.216189e-01 1.987794e+01 1.485621e+01 1.392895e+02 1.339980e+03 6.252097e+01 6.236937e+01
135 2.231442e-01 2.000005e+01 1.481210e+01 1.395893e+02 1.361343e+03 6.246342e+01 6.232257e+01
136 2.246670e-01 2.012178e+01 1.480425e+01 1.398826e+02 1.362520e+03 6.253490e+01 6.239417e+01
137 2.261874e-01 2.024314e+01 1.479682e+01 1.401611e+02 1.363762e+03 6.260613e+01 6.246552e+01
138 2.277053e-01 2.036411e+01 1.479034e+01 1.404254e+02 1.364719e+03 6.267713e+01 6.253664e+01
139 2.292209e-01 2.048471e+01 1.477898e+01 1.406724e+02 1.365994e+03 6.274789e+01 6.260752e+01
140 2.307340e-01 2.060493e+01 1.476389e+01 1.408991e+02 1.367692e+03 6.281841e+01 6.267817e+01
141 2.322446e-01 2.072478e+01 1.474632e+01 1.411122e+02 1.369033e+03 6.288869e+01 6.274858e+01
142 2.337529e-01 2.084426e+01 1.472788e+01 1.413355e+02 1.370423e+03 6.295874e+01 6.281875e+01
143 2.352586e-01 2.096336e+01 1.471396e+01 1.415463e+02 1.372249e+03 6.302855e+01 6.288868e+01
144 2.367620e-01 2.108209e+01 1.469367e+01 1.417414e+02 1.373747e+03 6.309812e+01 6.323786e+01
145 2.382629e-01 2.120045e+01 1.467239e+01 1.419235e+02 1.375130e+03 6.316746e+01 6.330708e+01
146 2.397613e-01 2.131844e+01 1.465053e+01 1.420948e+02 1.376763e+03 6.323656e+01 6.337605e+01
147 2.412573e-01 2.143606e+01 1.463256e+01 1.422464e+02 1.378516e+03 6.330542e+01 6.344479e+01
148 2.427509e-01 2.155331e+01 1.461115e+01 1.423916e+02 1.380380e+03 6.337405e+01 6.351330e+01
149 2.442420e-01 2.167020e+01 1.458852e+01 1.425488e+02 1.382092e+03 6.344245e+01 6.358157e+01
150 2.457307e-01 2.178672e+01 1.456847e+01 1.426915e+02 1.383993e+03 6.351061e+01 6.364961e+01
151 2.472169e-01 2.190287e+01 1.453953e+01 1.428200e+02 1.386397e+03 6.357853e+01 6.371741e+01
152 2.487006e-01 2.201866e+01 1.451440e+01 1.429390e+02 1.388526e+03 6.364623e+01 6.378498e+01
153 2.501819e-01 2.213409e+01 1.449170e+01 1.430437e+02 1.390448e+03 6.371369e+01 6.385231e+01
154 2.516608e-01 2.224916e+01 1.446795e+01 1.431323e+02 1.393145e+03 6.378091e+01 6.391942e+01
155 2.531372e-01 2.236386e+01 1.444283e+01 1.432172e+02 1.395596e+03 6.384791e+01 6.398629e+01
156 2.546111e-01 2.247821e+01 1.441284e+01 1.433111e+02 1.397957e+03 6.391467e+01 6.405292e+01
157 2.560826e-01 2.259220e+01 1.438860e+01 1.433907e+02 1.400524e+03 6.398120e+01 6.411933e+01
158 2.575516e-01 2.270583e+01 1.436642e+01 1.434595e+02 1.403161e+03 6.404750e+01 6.418550e+01
159 2.590182e-01 2.281910e+01 1.433973e+01 1.435199e+02 1.405838e+03 6.411357e+01 6.425145e+01
160 2.604823e-01 2.293202e+01 1.431917e+01 1.435691e+02 1.408370e+03 6.417941e+01 6.431716e+01
161 2.619440e-01 2.304459e+01 1.429732e+01 1.436048e+02 1.411071e+03 6.424502e+01 6.438265e+01
162 2.634032e-01 2.315680e+01 1.426932e+01 1.436327e+02 1.414318e+03 6.431040e+01 6.444790e+01
163 2.648599e-01 2.326866e+01 1.424156e+01 1.436741e+02 1.417260e+03 6.437555e+01 6.451293e+01
164 2.663142e-01 2.338016e+01 1.421592e+01 1.437021e+02 1.419873e+03 6.444048e+01 6.457773e+01
165 2.677660e-01 2.349132e+01 1.419331e+01 1.437259e+02 1.423050e+03 6.450517e+01 6.464230e+01
166 2.692154e-01 2.360213e+01 1.416717e+01 1.437448e+02 1.426185e+03 6.456964e+01 6.470664e+01
167 2.706623e-01 2.371259e+01 1.414033e+01 1.437532e+02 1.429123e+03 6.463388e+01 6.477075e+01
168 2.721067e-01 2.382270e+01 1.411320e+01 1.437536e+02 1.432379e+03 6.469789e+01 6.483464e+01
169 2.735487e-01 2.393247e+01 1.408721e+01 1.437510e+02 1.435707e+03 6.476168e+01 6.489831e+01
170 2.749883e-01 2.404190e+01 1.406066e+01 1.437548e+02 1.439107e+03 6.482525e+01 6.496175e+01
171 2.764253e-01 2.415098e+01 1.403646e+01 1.437586e+02 1.442272e+03 6.488859e+01 6.502496e+01
172 2.778600e-01 2.425971e+01 1.401623e+01 1.437575e+02 1.445428e+03 6.495170e+01 6.508795e+01
173 2.792922e-01 2.436811e+01 1.399439e+01 1.437500e+02 1.448986e+03 6.501459e+01 6.515071e+01
174 2.807219e-01 2.447616e+01 1.396624e+01 1.437317e+02 1.452647e+03 6.507726e+01 6.521326e+01
175 2.821492e-01 2.458388e+01 1.394372e+01 1.437086e+02 1.455812e+03 6.513970e+01 6.527558e+01
176 2.835740e-01 2.469126e+01 1.391672e+01 1.436817e+02 1.459436e+03 6.520193e+01 6.533767e+01
177 2.849963e-01 2.479830e+01 1.390208e+01 1.436449e+02 1.462131e+03 6.526393e+01 6.539955e+01
178 2.864163e-01 2.490500e+01 1.386809e+01 1.436213e+02 1.466627e+03 6.532571e+01 6.546121e+01
179 2.878337e-01 2.501137e+01 1.385828e+01 1.435934e+02 1.468441e+03 6.538727e+01 6.552264e+01
180 2.892488e-01 2.511741e+01 1.381878e+01 1.435663e+02 1.473217e+03 6.544861e+01 6.558386e+01
181 2.906614e-01 2.522311e+01 1.381346e+01 1.435564e+02 1.474931e+03 6.550973e+01 6.564485e+01
182 2.920715e-01 2.532849e+01 1.376795e+01 1.435424e+02 1.480272e+03 6.557063e+01 6.570563e+01
183 2.934792e-01 2.543353e+01 1.376015e+01 1.435186e+02 1.481814e+03 6.563132e+01 6.576619e+01
184 2.948845e-01 2.553824e+01 1.372141e+01 1.434835e+02 1.486716e+03 6.569178e+01 6.582653e+01
185 2.962873e-01 2.564262e+01 1.371577e+01 1.434420e+02 1.488373e+03 6.575203e+01 6.588665e+01
186 2.976877e-01 2.574668e+01 1.366968e+01 1.434163e+02 1.493672e+03 6.581207e+01 6.594656e+01
187 2.990856e-01 2.585041e+01 1.366638e+01 1.433765e+02 1.494927e+03 6.587189e+01 6.600626e+01
188 3.004811e-01 2.595381e+01 1.350529e+01 1.433325e+02 1.506699e+03 6.582961e+01 6.595509e+01
189 3.018742e-01 2.605689e+01 1.349785e+01 1.432813e+02 1.508290e+03 6.588919e+01 6.601455e+01
190 3.032648e-01 2.615965e+01 1.346129e+01 1.432237e+02 1.521371e+03 6.725382e+01 6.713500e+01
191 3.046531e-01 2.626208e+01 1.346223e+01 1.431571e+02 1.522984e+03 6.731049e+01 6.719178e+01
192 3.060389e-01 2.636420e+01 1.343676e+01 1.430834e+02 1.528026e+03 6.736695e+01 6.724836e+01
193 3.074222e-01 2.646599e+01 1.343935e+01 1.430044e+02 1.529526e+03 6.742320e+01 6.730472e+01
194 3.088032e-01 2.656747e+01 1.341290e+01 1.429347e+02 1.534782e+03 6.747925e+01 6.736088e+01
195 3.101817e-01 2.666863e+01 1.341541e+01 1.428598e+02 1.536364e+03 6.753508e+01 6.741683e+01
196 3.115578e-01 2.676947e+01 1.339124e+01 1.427826e+02 1.541398e+03 6.759071e+01 6.747258e+01
197 3.129315e-01 2.687000e+01 1.339239e+01 1.427001e+02 1.542951e+03 6.764614e+01 6.752812e+01
198 3.143028e-01 2.697021e+01 1.336612e+01 1.426086e+02 1.548127e+03 6.770135e+01 6.758345e+01
199 3.156717e-01 2.707011e+01 1.336938e+01 1.425124e+02 1.549382e+03 6.775637e+01 6.763858e+01
200 3.170381e-01 2.716970e+01 1.334042e+01 1.424135e+02 1.554921e+03 6.781118e+01 6.769350e+01
201 3.184022e-01 2.726898e+01 1.334407e+01 1.423079e+02 1.555980e+03 6.786579e+01 6.774823e+01
202 3.197639e-01 2.736795e+01 1.331448e+01 1.422002e+02 1.561572e+03 6.792019e+01 6.780275e+01
203 3.211231e-01 2.746660e+01 1.331723e+01 1.421030e+02 1.562722e+03 6.797439e+01 6.785706e+01
204 3.224800e-01 2.756496e+01 1.328467e+01 1.420017e+02 1.568321e+03 6.802839e+01 6.791118e+01
205 3.238344e-01 2.766300e+01 1.328717e+01 1.418953e+02 1.569213e+03 6.808220e+01 6.796509e+01
206 3.251865e-01 2.776074e+01 1.325526e+01 1.418654e+02 1.574664e+03 6.813580e+01 6.801881e+01
207 3.265362e-01 2.785817e+01 1.325732e+01 1.419566e+02 1.575701e+03 6.818920e+01 6.807233e+01
208 3.278835e-01 2.795530e+01 1.322317e+01 1.420440e+02 1.581277e+03 6.824240e+01 6.812564e+01
209 3.292284e-01 2.805213e+01 1.322576e+01 1.421279e+02 1.582127e+03 6.829541e+01 6.817876e+01
210 3.305709e-01 2.814866e+01 1.319153e+01 1.422098e+02 1.587507e+03 6.834822e+01 6.823169e+01
211 3.319111e-01 2.824489e+01 1.319525e+01 1.422941e+02 1.588296e+03 6.840083e+01 6.828441e+01
212 3.332488e-01 2.834081e+01 1.315999e+01 1.423888e+02 1.593772e+03 6.845325e+01 6.833694e+01
213 3.345842e-01 2.843644e+01 1.316123e+01 1.424784e+02 1.594667e+03 6.850547e+01 6.838928e+01
214 3.359173e-01 2.853178e+01 1.312319e+01 1.425650e+02 1.600169e+03 6.855750e+01 6.844142e+01
215 3.372479e-01 2.862681e+01 1.312332e+01 1.426472e+02 1.601022e+03 6.860933e+01 6.849337e+01
216 3.385763e-01 2.872156e+01 1.308463e+01 1.427267e+02 1.606540e+03 6.866097e+01 6.854512e+01
217 3.399022e-01 2.881601e+01 1.308532e+01 1.428028e+02 1.607398e+03 6.871242e+01 6.859668e+01
218 3.412258e-01 2.891016e+01 1.304641e+01 1.428803e+02 1.612832e+03 6.876368e+01 6.864805e+01
219 3.425470e-01 2.900403e+01 1.304524e+01 1.429576e+02 1.613938e+03 6.881475e+01 6.869923e+01
220 3.438659e-01 2.909760e+01 1.301101e+01 1.430339e+02 1.618842e+03 6.886562e+01 6.875022e+01
221 3.451825e-01 2.919089e+01 1.300851e+01 1.431235e+02 1.620112e+03 6.891631e+01 6.880102e+01
222 3.464967e-01 2.928388e+01 1.297055e+01 1.432121e+02 1.625304e+03 6.896681e+01 6.885163e+01
223 3.478085e-01 2.937659e+01 1.296535e+01 1.432959e+02 1.626606e+03 6.901712e+01 6.890206e+01
224 3.491180e-01 2.946901e+01 1.292541e+01 1.433775e+02 1.631806e+03 6.906724e+01 6.895229e+01
225 3.504252e-01 2.956115e+01 1.291741e+01 1.434564e+02 1.633469e+03 6.911718e+01 6.900234e+01
226 3.517301e-01 2.965300e+01 1.288071e+01 1.435346e+02 1.638411e+03 6.916693e+01 6.905220e+01
227 3.530326e-01 2.974457e+01 1.287042e+01 1.436096e+02 1.640308e+03 6.921649e+01 6.910188e+01
228 3.543328e-01 2.983586e+01 1.283610e+01 1.436818e+02 1.644751e+03 6.926587e+01 6.915137e+01
229 3.556307e-01 2.992687e+01 1.282371e+01 1.437503e+02 1.646938e+03 6.931507e+01 6.920068e+01
230 3.569263e-01 3.001759e+01 1.279142e+01 1.438221e+02 1.651011e+03 6.936408e+01 6.924980e+01
231 3.582196e-01 3.010804e+01 1.277253e+01 1.439031e+02 1.653695e+03 6.941291e+01 6.929874e+01
232 3.595105e-01 3.019821e+01 1.274310e+01 1.439807e+02 1.657994e+03 6.946156e+01 6.957562e+01
233 3.607992e-01 3.028810e+01 1.272272e+01 1.440549e+02 1.660891e+03 6.951003e+01 6.962398e+01
234 3.620856e-01 3.037772e+01 1.269505e+01 1.441266e+02 1.664454e+03 6.955832e+01 6.967215e+01
235 3.633696e-01 3.046706e+01 1.266919e+01 1.441981e+02 1.667741e+03 6.960642e+01 6.972015e+01
236 3.646514e-01 3.055613e+01 1.264217e+01 1.442667e+02 1.671239e+03 6.965435e+01 6.976797e+01
237 3.659309e-01 3.064493e+01 1.261594e+01 1.443321e+02 1.674559e+03 6.970210e+01 6.981561e+01
238 3.672081e-01 3.073345e+01 1.258932e+01 1.443966e+02 1.677751e+03 6.974967e+01 6.986307e+01
239 3.684830e-01 3.082170e+01 1.256257e+01 1.444608e+02 1.680966e+03 6.979707e+01 6.991035e+01
240 3.697556e-01 3.090969e+01 1.253674e+01 1.445232e+02 1.684107e+03 6.984429e+01 6.995746e+01
241 3.710260e-01 3.099740e+01 1.250971e+01 1.445929e+02 1.687353e+03 6.989133e+01 7.000440e+01
242 3.722941e-01 3.108485e+01 1.242247e+01 1.446607e+02 1.700945e+03 6.979282e+01 6.989922e+01
243 3.735599e-01 3.117203e+01 1.239621e+01 1.447276e+02 1.704182e+03 6.983980e+01 6.994610e+01
244 3.748235e-01 3.125894e+01 1.236798e+01 1.447938e+02 1.707470e+03 6.988660e+01 6.999280e+01
245 3.760848e-01 3.134559e+01 1.234108e+01 1.448577e+02 1.710743e+03 6.993322e+01 7.003932e+01
246 3.773439e-01 3.143198e+01 1.231273e+01 1.449213e+02 1.713995e+03 6.997968e+01 7.008567e+01
247 3.786007e-01 3.151810e+01 1.228458e+01 1.449833e+02 1.717289e+03 7.002596e+01 7.013185e+01
248 3.798553e-01 3.160396e+01 1.225718e+01 1.450448e+02 1.720466e+03 7.007207e+01 7.017786e+01
249 3.811076e-01 3.168956e+01 1.222756e+01 1.451061e+02 1.723769e+03 7.011801e+01 7.022370e+01
250 3.823577e-01 3.177490e+01 1.219730e+01 1.451630e+02 1.727092e+03 7.016378e+01 7.026937e+01
251 3.836056e-01 3.185999e+01 1.216759e+01 1.452232e+02 1.730351e+03 7.020938e+01 7.031486e+01
252 3.848512e-01 3.194481e+01 1.213964e+01 1.452907e+02 1.733514e+03 7.025481e+01 7.036019e+01
253 3.860946e-01 3.202938e+01 1.210957e+01 1.453572e+02 1.736689e+03 7.030007e+01 7.040535e+01
254 3.873358e-01 3.211369e+01 1.207897e+01 1.454216e+02 1.739979e+03 7.034517e+01 7.045035e+01
255 3.885748e-01 3.219775e+01 1.204936e+01 1.454853e+02 1.743119e+03 7.039010e+01 7.049518e+01
256 3.898115e-01 3.228155e+01 1.202009e+01 1.455469e+02 1.746220e+03 7.043486e+01 7.053984e+01
257 3.910461e-01 3.236510e+01 1.198646e+01 1.456069e+02 1.749352e+03 7.047946e+01 7.058434e+01
258 3.922784e-01 3.244840e+01 1.195459e+01 1.456638e+02 1.752479e+03 7.052389e+01 7.062867e+01
259 3.935086e-01 3.253145e+01 1.192278e+01 1.457202e+02 1.755518e+03 7.056816e+01 7.067284e+01
260 3.947366e-01 3.261425e+01 1.189083e+01 1.457750e+02 1.758596e+03 7.061226e+01 7.071684e+01
261 3.959623e-01 3.269679e+01 1.185745e+01 1.458224e+02 1.761663e+03 7.065620e+01 7.076068e+01
262 3.971859e-01 3.277910e+01 1.182462e+01 1.458705e+02 1.764754e+03 7.069998e+01 7.080436e+01
263 3.984073e-01 3.286115e+01 1.179166e+01 1.459285e+02 1.767722e+03 7.074360e+01 7.084788e+01
264 3.996265e-01 3.294296e+01 1.175872e+01 1.459844e+02 1.770668e+03 7.078706e+01 7.089124e+01
265 4.008436e-01 3.302452e+01 1.172375e+01 1.460396e+02 1.773695e+03 7.083036e+01 7.093444e+01
266 4.020585e-01 3.310584e+01 1.169095e+01 1.460951e+02 1.776634e+03 7.087349e+01 7.097748e+01
267 4.032712e-01 3.318691e+01 1.165783e+01 1.461497e+02 1.779554e+03 7.091647e+01 7.102036e+01
268 4.044818e-01 3.326775e+01 1.162314e+01 1.462022e+02 1.782323e+03 7.095929e+01 7.106308e+01
269 4.056902e-01 3.334834e+01 1.158784e+01 1.462526e+02 1.785187e+03 7.100196e+01 7.110564e+01
270 4.068965e-01 3.342869e+01 1.155407e+01 1.463006e+02 1.787941e+03 7.104446e+01 7.114805e+01
271 4.081006e-01 3.350880e+01 1.151975e+01 1.463473e+02 1.790700e+03 7.108681e+01 7.119030e+01
272 4.093025e-01 3.358867e+01 1.148249e+01 1.463921e+02 1.793513e+03 7.112901e+01 7.123240e+01
273 4.105024e-01 3.366831e+01 1.144616e+01 1.464383e+02 1.796229e+03 7.117105e+01 7.127434e+01
274 4.117001e-01 3.374771e+01 1.141052e+01 1.464988e+02 1.798845e+03 7.121293e+01 7.131613e+01
275 4.128957e-01 3.382687e+01 1.137516e+01 1.465590e+02 1.801489e+03 7.125466e+01 7.135776e+01
276 4.140891e-01 3.390579e+01 1.134678e+01 1.466181e+02 1.822829e+03 7.224212e+01 7.214416e+01
277 4.152804e-01 3.398449e+01 1.131869e+01 1.466758e+02 1.825552e+03 7.228173e+01 7.218387e+01
278 4.164697e-01 3.406295e+01 1.129157e+01 1.467322e+02 1.828262e+03 7.232120e+01 7.222343e+01
279 4.176568e-01 3.414118e+01 1.126303e+01 1.467861e+02 1.830987e+03 7.236052e+01 7.226285e+01
280 4.188418e-01 3.421917e+01 1.123371e+01 1.468389e+02 1.833711e+03 7.239970e+01 7.230212e+01
281 4.200247e-01 3.429694e+01 1.120408e+01 1.468910e+02 1.836374e+03 7.243873e+01 7.234124e+01
282 4.212055e-01 3.437448e+01 1.117548e+01 1.469422e+02 1.838943e+03 7.247762e+01 7.238022e+01
283 4.223842e-01 3.445178e+01 1.114548e+01 1.469917e+02 1.841511e+03 7.251636e+01 7.241906e+01
284 4.235608e-01 3.452887e+01 1.111275e+01 1.470411e+02 1.844256e+03 7.255496e+01 7.245775e+01
285 4.247354e-01 3.460572e+01 1.108146e+01 1.470908e+02 1.846860e+03 7.259341e+01 7.249630e+01
286 4.259078e-01 3.468235e+01 1.105076e+01 1.471384e+02 1.849322e+03 7.263173e+01 7.253471e+01
287 4.270782e-01 3.475875e+01 1.101861e+01 1.471907e+02 1.851855e+03 7.266990e+01 7.257298e+01
288 4.282466e-01 3.483493e+01 1.098672e+01 1.472414e+02 1.854373e+03 7.270794e+01 7.261110e+01
289 4.294128e-01 3.491088e+01 1.095519e+01 1.472912e+02 1.856959e+03 7.274583e+01 7.264909e+01
290 4.305770e-01 3.498662e+01 1.092376e+01 1.473382e+02 1.859485e+03 7.278358e+01 7.268693e+01
291 4.317392e-01 3.506213e+01 1.089004e+01 1.473849e+02 1.861954e+03 7.282120e+01 7.272464e+01
