# it strain shortening ε_f δT D θ θc
1 0.000000e+00 0.000000e+00 1.446265e+00 5.684342e-14 6.190825e+03 4.500000e+01 4.486427e+01
2 1.770244e-03 1.768678e-01 1.494925e+00 1.717698e+00 5.998476e+03 4.510143e+01 4.496570e+01
3 3.539646e-03 3.533389e-01 1.542483e+00 3.404067e+00 5.752952e+03 4.520281e+01 4.506708e+01
4 5.308184e-03 5.294120e-01 1.592193e+00 5.056799e+00 5.520135e+03 4.530413e+01 4.516841e+01
5 7.075837e-03 7.050863e-01 1.644231e+00 6.677383e+00 5.300029e+03 4.540540e+01 4.526968e+01
6 8.842586e-03 8.803605e-01 1.698774e+00 8.267114e+00 5.092557e+03 4.550662e+01 4.537090e+01
7 1.060841e-02 1.055234e+00 1.756027e+00 9.827103e+00 4.901370e+03 4.560777e+01 4.574348e+01
8 1.237328e-02 1.229705e+00 1.816193e+00 1.135828e+01 4.718286e+03 4.570886e+01 4.584457e+01
9 1.413719e-02 1.403773e+00 1.879490e+00 1.286140e+01 4.545599e+03 4.580989e+01 4.594559e+01
10 1.590012e-02 1.577438e+00 1.946144e+00 1.433706e+01 4.382509e+03 4.591086e+01 4.604655e+01
11 1.766203e-02 1.750697e+00 2.016407e+00 1.578572e+01 4.228198e+03 4.601175e+01 4.614743e+01
12 1.942292e-02 1.923551e+00 2.090577e+00 1.721674e+01 4.081468e+03 4.611257e+01 4.624825e+01
13 2.118276e-02 2.095998e+00 2.168797e+00 1.874804e+01 3.942885e+03 4.621332e+01 4.634898e+01
14 2.294153e-02 2.268037e+00 2.251139e+00 2.027621e+01 3.813065e+03 4.631399e+01 4.644965e+01
15 2.469921e-02 2.439668e+00 2.337896e+00 2.179959e+01 3.690913e+03 4.641459e+01 4.655023e+01
16 2.645579e-02 2.610890e+00 2.429514e+00 2.332035e+01 3.574782e+03 4.651510e+01 4.665073e+01
17 2.821124e-02 2.781702e+00 2.526288e+00 2.484134e+01 3.466700e+03 4.661553e+01 4.702238e+01
18 2.996555e-02 2.952103e+00 2.628545e+00 2.636353e+01 3.359934e+03 4.671587e+01 4.712268e+01
19 3.171869e-02 3.122092e+00 2.736619e+00 2.788793e+01 3.257529e+03 4.681613e+01 4.722289e+01
20 3.347064e-02 3.291670e+00 2.850835e+00 2.941618e+01 3.159044e+03 4.691630e+01 4.732301e+01
21 3.522139e-02 3.460834e+00 2.971410e+00 3.098549e+01 3.065030e+03 4.701637e+01 4.742304e+01
22 3.697092e-02 3.629584e+00 3.098418e+00 3.257465e+01 2.975411e+03 4.711635e+01 4.752297e+01
23 3.871921e-02 3.797920e+00 3.232509e+00 3.417023e+01 2.890366e+03 4.721623e+01 4.789382e+01
24 4.046623e-02 3.965841e+00 3.374221e+00 3.577094e+01 2.807924e+03 4.731602e+01 4.799351e+01
25 4.221198e-02 4.133346e+00 3.524136e+00 3.737963e+01 2.728309e+03 4.741570e+01 4.809309e+01
26 4.395643e-02 4.300435e+00 3.682645e+00 3.899676e+01 2.650808e+03 4.751528e+01 4.846344e+01
27 4.569957e-02 4.467107e+00 3.849880e+00 4.062377e+01 2.576132e+03 4.761475e+01 4.856277e+01
28 4.744137e-02 4.633362e+00 4.025393e+00 4.231148e+01 2.503940e+03 4.771412e+01 4.866198e+01
29 4.918182e-02 4.799198e+00 4.209298e+00 4.400761e+01 2.434548e+03 4.781338e+01 4.876108e+01
30 5.092090e-02 4.964616e+00 4.403190e+00 4.571012e+01 2.366334e+03 4.791252e+01 4.913072e+01
31 5.265859e-02 5.129615e+00 4.607709e+00 4.742104e+01 2.300797e+03 4.801155e+01 4.922953e+01
32 5.439488e-02 5.294194e+00 4.823178e+00 4.914163e+01 2.237153e+03 4.811047e+01 4.932822e+01
33 5.612975e-02 5.458354e+00 5.050739e+00 5.088665e+01 2.174788e+03 4.820926e+01 4.969723e+01
34 5.786317e-02 5.622093e+00 5.289158e+00 5.268805e+01 2.115625e+03 4.830794e+01 4.979561e+01
35 5.959514e-02 5.785411e+00 5.539893e+00 5.449936e+01 2.057718e+03 4.840649e+01 5.016414e+01
36 6.132563e-02 5.948307e+00 5.803763e+00 5.631338e+01 2.002634e+03 4.850492e+01 5.026220e+01
37 6.305464e-02 6.110782e+00 6.079663e+00 5.812739e+01 1.949540e+03 4.860323e+01 5.036013e+01
38 6.478213e-02 6.272835e+00 6.365381e+00 5.993944e+01 1.898405e+03 4.870140e+01 5.045792e+01
39 6.650810e-02 6.434466e+00 6.660852e+00 6.179860e+01 1.849077e+03 4.879945e+01 5.055557e+01
40 6.823253e-02 6.595674e+00 6.965575e+00 6.365719e+01 1.802105e+03 4.889736e+01 5.065308e+01
41 6.995540e-02 6.756459e+00 7.279639e+00 6.550560e+01 1.757255e+03 4.899514e+01 5.075044e+01
42 7.167669e-02 6.916821e+00 7.602758e+00 6.733857e+01 1.714127e+03 4.909278e+01 5.084766e+01
43 7.339640e-02 7.076759e+00 7.934446e+00 6.916171e+01 1.673114e+03 4.919028e+01 5.094473e+01
44 7.511450e-02 7.236274e+00 8.273387e+00 7.101971e+01 1.634061e+03 4.928765e+01 5.104165e+01
45 7.683098e-02 7.395364e+00 8.616264e+00 7.287304e+01 1.597175e+03 4.938487e+01 5.113842e+01
46 7.854582e-02 7.554030e+00 8.960836e+00 7.469588e+01 1.562475e+03 4.948195e+01 5.123503e+01
47 8.025901e-02 7.712272e+00 9.308678e+00 7.648487e+01 1.529357e+03 4.957888e+01 5.160092e+01
48 8.197054e-02 7.870090e+00 9.653835e+00 7.823001e+01 1.498992e+03 4.967567e+01 5.169715e+01
49 8.368038e-02 8.027482e+00 9.995812e+00 7.997625e+01 1.470158e+03 4.977231e+01 5.179322e+01
50 8.538852e-02 8.184450e+00 1.033027e+01 8.170914e+01 1.443220e+03 4.986879e+01 5.188913e+01
51 8.709494e-02 8.340993e+00 1.065886e+01 8.340933e+01 1.418200e+03 4.996513e+01 5.198487e+01
52 8.879964e-02 8.497111e+00 1.097860e+01 8.506472e+01 1.395084e+03 5.006131e+01 5.208045e+01
53 9.050260e-02 8.652804e+00 1.129850e+01 8.666045e+01 1.373197e+03 5.015733e+01 5.244474e+01
54 9.220380e-02 8.808072e+00 1.160770e+01 8.823677e+01 1.353423e+03 5.025320e+01 5.253990e+01
55 9.390323e-02 8.962915e+00 1.189891e+01 8.975221e+01 1.335132e+03 5.034891e+01 5.263490e+01
56 9.560088e-02 9.117332e+00 1.217581e+01 9.120896e+01 1.318355e+03 5.044445e+01 5.272972e+01
57 9.729672e-02 9.271325e+00 1.243196e+01 9.259896e+01 1.303434e+03 5.053984e+01 5.282437e+01
58 9.899076e-02 9.424892e+00 1.267102e+01 9.393582e+01 1.290041e+03 5.063506e+01 5.291884e+01
59 1.006830e-01 9.578034e+00 1.289261e+01 9.528745e+01 1.277580e+03 5.073011e+01 5.301313e+01
60 1.023733e-01 9.730752e+00 1.308351e+01 9.655225e+01 1.266702e+03 5.082500e+01 5.310725e+01
61 1.040618e-01 9.883044e+00 1.325968e+01 9.779449e+01 1.257283e+03 5.091972e+01 5.320118e+01
62 1.057485e-01 1.003491e+01 1.343953e+01 9.899737e+01 1.248535e+03 5.101427e+01 5.356292e+01
63 1.074333e-01 1.018635e+01 1.360202e+01 1.001571e+02 1.240888e+03 5.110865e+01 5.365639e+01
64 1.091161e-01 1.033737e+01 1.374800e+01 1.013278e+02 1.234428e+03 5.120285e+01 5.374969e+01
65 1.107971e-01 1.048797e+01 1.387346e+01 1.024719e+02 1.228729e+03 5.129688e+01 5.411037e+01
66 1.124762e-01 1.063814e+01 1.400615e+01 1.035829e+02 1.224126e+03 5.139074e+01 5.420319e+01
67 1.141533e-01 1.078788e+01 1.412267e+01 1.046414e+02 1.220287e+03 5.148441e+01 5.456308e+01
68 1.158285e-01 1.093720e+01 1.423733e+01 1.056826e+02 1.217346e+03 5.157791e+01 5.465541e+01
69 1.175017e-01 1.108610e+01 1.434340e+01 1.067018e+02 1.214773e+03 5.167123e+01 5.501447e+01
70 1.191730e-01 1.123458e+01 1.444324e+01 1.076641e+02 1.213103e+03 5.176436e+01 5.510631e+01
71 1.208423e-01 1.138263e+01 1.453642e+01 1.085660e+02 1.211953e+03 5.185732e+01 5.519796e+01
72 1.225096e-01 1.153026e+01 1.462586e+01 1.094036e+02 1.211259e+03 5.195008e+01 5.555586e+01
73 1.241749e-01 1.167746e+01 1.470555e+01 1.101987e+02 1.211291e+03 5.204267e+01 5.564700e+01
74 1.258382e-01 1.182425e+01 1.478474e+01 1.109720e+02 1.211533e+03 5.213506e+01 5.600403e+01
75 1.274994e-01 1.197061e+01 1.485416e+01 1.117061e+02 1.212453e+03 5.222727e+01 5.609465e+01
76 1.291587e-01 1.211655e+01 1.491591e+01 1.123886e+02 1.213606e+03 5.231929e+01 5.645077e+01
77 1.308158e-01 1.226207e+01 1.498118e+01 1.130350e+02 1.215272e+03 5.241112e+01 5.654087e+01
78 1.324710e-01 1.240716e+01 1.503834e+01 1.136365e+02 1.217433e+03 5.250276e+01 5.663075e+01
79 1.341240e-01 1.255184e+01 1.508121e+01 1.142377e+02 1.219847e+03 5.259420e+01 5.672043e+01
80 1.357750e-01 1.269610e+01 1.511544e+01 1.147873e+02 1.222679e+03 5.268545e+01 5.680989e+01
81 1.374239e-01 1.283994e+01 1.514292e+01 1.152972e+02 1.225857e+03 5.277651e+01 5.689914e+01
82 1.390707e-01 1.298335e+01 1.516051e+01 1.157796e+02 1.229348e+03 5.286737e+01 5.698817e+01
83 1.407154e-01 1.312635e+01 1.516632e+01 1.162488e+02 1.232823e+03 5.295803e+01 5.707699e+01
84 1.423580e-01 1.326893e+01 1.516338e+01 1.167255e+02 1.236922e+03 5.304850e+01 5.716560e+01
85 1.439985e-01 1.341110e+01 1.514254e+01 1.171879e+02 1.241254e+03 5.313876e+01 5.725399e+01
86 1.456368e-01 1.355284e+01 1.512038e+01 1.176520e+02 1.245699e+03 5.322883e+01 5.734216e+01
87 1.472730e-01 1.369417e+01 1.508429e+01 1.180742e+02 1.250597e+03 5.331869e+01 5.743012e+01
88 1.489070e-01 1.383508e+01 1.504912e+01 1.184824e+02 1.255297e+03 5.340835e+01 5.751785e+01
89 1.505389e-01 1.397557e+01 1.501045e+01 1.189487e+02 1.260323e+03 5.349781e+01 5.760537e+01
90 1.521686e-01 1.411565e+01 1.497166e+01 1.193503e+02 1.265257e+03 5.358707e+01 5.769266e+01
91 1.537961e-01 1.425532e+01 1.493746e+01 1.197566e+02 1.270240e+03 5.367612e+01 5.777973e+01
92 1.554215e-01 1.439457e+01 1.490795e+01 1.201761e+02 1.275119e+03 5.376496e+01 5.786659e+01
93 1.570446e-01 1.453341e+01 1.486876e+01 1.205392e+02 1.279945e+03 5.385360e+01 5.795321e+01
94 1.586655e-01 1.467183e+01 1.482536e+01 1.209120e+02 1.285022e+03 5.394202e+01 5.803962e+01
95 1.602843e-01 1.480984e+01 1.478626e+01 1.212929e+02 1.289932e+03 5.403024e+01 5.812580e+01
96 1.619007e-01 1.494744e+01 1.474689e+01 1.216238e+02 1.294939e+03 5.411826e+01 5.821176e+01
97 1.635150e-01 1.508463e+01 1.470863e+01 1.219394e+02 1.299746e+03 5.420606e+01 5.829749e+01
98 1.651271e-01 1.522140e+01 1.466824e+01 1.222458e+02 1.304190e+03 5.429365e+01 5.838299e+01
99 1.667369e-01 1.535777e+01 1.463088e+01 1.225163e+02 1.308711e+03 5.438102e+01 5.846827e+01
100 1.683444e-01 1.549373e+01 1.459857e+01 1.228035e+02 1.312908e+03 5.446819e+01 5.855332e+01
101 1.699497e-01 1.562927e+01 1.457467e+01 1.230739e+02 1.316705e+03 5.455514e+01 5.863815e+01
102 1.715527e-01 1.576441e+01 1.455442e+01 1.233347e+02 1.320735e+03 5.464188e+01 5.872274e+01
103 1.731535e-01 1.589914e+01 1.453555e+01 1.235676e+02 1.324104e+03 5.472841e+01 5.880711e+01
104 1.747519e-01 1.603347e+01 1.450982e+01 1.237821e+02 1.327528e+03 5.481472e+01 5.889124e+01
105 1.763481e-01 1.616739e+01 1.448691e+01 1.240044e+02 1.331027e+03 5.490081e+01 5.897515e+01
106 1.779420e-01 1.630090e+01 1.446887e+01 1.242270e+02 1.334315e+03 5.498669e+01 5.879691e+01
107 1.795336e-01 1.643401e+01 1.445397e+01 1.244263e+02 1.337257e+03 5.507235e+01 5.888049e+01
108 1.811229e-01 1.656672e+01 1.444425e+01 1.246085e+02 1.340168e+03 5.515779e+01 5.896385e+01
109 1.827099e-01 1.669902e+01 1.443141e+01 1.247757e+02 1.342858e+03 5.524301e+01 5.904698e+01
110 1.842946e-01 1.683092e+01 1.440970e+01 1.249283e+02 1.345165e+03 5.532802e+01 5.912987e+01
111 1.858769e-01 1.696242e+01 1.439920e+01 1.251070e+02 1.347375e+03 5.541281e+01 5.921253e+01
112 1.874569e-01 1.709352e+01 1.439483e+01 1.252835e+02 1.349470e+03 5.549737e+01 5.929496e+01
113 1.890346e-01 1.722421e+01 1.438276e+01 1.254494e+02 1.351613e+03 5.558172e+01 5.937716e+01
114 1.906100e-01 1.735451e+01 1.436876e+01 1.256064e+02 1.353609e+03 5.566584e+01 5.945913e+01
115 1.921830e-01 1.748441e+01 1.435158e+01 1.257571e+02 1.355717e+03 5.574975e+01 5.954086e+01
116 1.937536e-01 1.761392e+01 1.433732e+01 1.259136e+02 1.357346e+03 5.583343e+01 5.988282e+01
117 1.953219e-01 1.774302e+01 1.433057e+01 1.261050e+02 1.358882e+03 5.591689e+01 5.996394e+01
118 1.968879e-01 1.787173e+01 1.432433e+01 1.262797e+02 1.360729e+03 5.600013e+01 6.004482e+01
119 1.984515e-01 1.800004e+01 1.431790e+01 1.264609e+02 1.362196e+03 5.608314e+01 6.012546e+01
120 2.000127e-01 1.812796e+01 1.430474e+01 1.266300e+02 1.363708e+03 5.616593e+01 6.020587e+01
121 2.015715e-01 1.825549e+01 1.429468e+01 1.268010e+02 1.365457e+03 5.624850e+01 6.028605e+01
122 2.031280e-01 1.838262e+01 1.429074e+01 1.269678e+02 1.366780e+03 5.633084e+01 6.036599e+01
123 2.046821e-01 1.850937e+01 1.428884e+01 1.271655e+02 1.367705e+03 5.641296e+01 6.070492e+01
124 2.062338e-01 1.863572e+01 1.429200e+01 1.273527e+02 1.368936e+03 5.649486e+01 6.078424e+01
125 2.077831e-01 1.876168e+01 1.428414e+01 1.275459e+02 1.370747e+03 5.657653e+01 6.086331e+01
126 2.093301e-01 1.888725e+01 1.427682e+01 1.277170e+02 1.372249e+03 5.665797e+01 6.094215e+01
127 2.108746e-01 1.901244e+01 1.427381e+01 1.279070e+02 1.373501e+03 5.673919e+01 6.102075e+01
128 2.124167e-01 1.913723e+01 1.426988e+01 1.280843e+02 1.374884e+03 5.682018e+01 6.135739e+01
129 2.139564e-01 1.926165e+01 1.427051e+01 1.282878e+02 1.376195e+03 5.690095e+01 6.143536e+01
130 2.154938e-01 1.938567e+01 1.426040e+01 1.284910e+02 1.377978e+03 5.698149e+01 6.151309e+01
131 2.170287e-01 1.950931e+01 1.425533e+01 1.286679e+02 1.379807e+03 5.706180e+01 6.159059e+01
132 2.185612e-01 1.963257e+01 1.425072e+01 1.288427e+02 1.381622e+03 5.714189e+01 6.166784e+01
133 2.200913e-01 1.975544e+01 1.424674e+01 1.290199e+02 1.382916e+03 5.722175e+01 6.200215e+01
134 2.216189e-01 1.987794e+01 1.425174e+01 1.291903e+02 1.384164e+03 5.730138e+01 6.207877e+01
135 2.231442e-01 2.000005e+01 1.424908e+01 1.293617e+02 1.385966e+03 5.738079e+01 6.215515e+01
136 2.246670e-01 2.012178e+01 1.424364e+01 1.295381e+02 1.387804e+03 5.745997e+01 6.223129e+01
137 2.261874e-01 2.024314e+01 1.424113e+01 1.297079e+02 1.389339e+03 5.753892e+01 6.230719e+01
138 2.277053e-01 2.036411e+01 1.423733e+01 1.298839e+02 1.391010e+03 5.761764e+01 6.263915e+01
139 2.292209e-01 2.048471e+01 1.423696e+01 1.300399e+02 1.392928e+03 5.769614e+01 6.271440e+01
140 2.307340e-01 2.060493e+01 1.423380e+01 1.301969e+02 1.394755e+03 5.777441e+01 6.278943e+01
141 2.322446e-01 2.072478e+01 1.422777e+01 1.303369e+02 1.396622e+03 5.785245e+01 6.286421e+01
142 2.337529e-01 2.084426e+01 1.422038e+01 1.305039e+02 1.398973e+03 5.793026e+01 6.293875e+01
143 2.352586e-01 2.096336e+01 1.421523e+01 1.306626e+02 1.400867e+03 5.800784e+01 6.326832e+01
144 2.367620e-01 2.108209e+01 1.421468e+01 1.308174e+02 1.402815e+03 5.808520e+01 6.334222e+01
145 2.382629e-01 2.120045e+01 1.421279e+01 1.309432e+02 1.404851e+03 5.816233e+01 6.341588e+01
146 2.397613e-01 2.131844e+01 1.420746e+01 1.310618e+02 1.407161e+03 5.823923e+01 6.348930e+01
147 2.412573e-01 2.143606e+01 1.420113e+01 1.311712e+02 1.408838e+03 5.831590e+01 6.356249e+01
148 2.427509e-01 2.155331e+01 1.419457e+01 1.312792e+02 1.410914e+03 5.839234e+01 6.363543e+01
149 2.442420e-01 2.167020e+01 1.418643e+01 1.314114e+02 1.413375e+03 5.846856e+01 6.370813e+01
150 2.457307e-01 2.178672e+01 1.418017e+01 1.315303e+02 1.415405e+03 5.854455e+01 6.378060e+01
151 2.472169e-01 2.190287e+01 1.416926e+01 1.316496e+02 1.417425e+03 5.862031e+01 6.385283e+01
152 2.487006e-01 2.201866e+01 1.415896e+01 1.317521e+02 1.419681e+03 5.869584e+01 6.392482e+01
153 2.501819e-01 2.213409e+01 1.414942e+01 1.318551e+02 1.421762e+03 5.877115e+01 6.399657e+01
154 2.516608e-01 2.224916e+01 1.413515e+01 1.319529e+02 1.423997e+03 5.884623e+01 6.406809e+01
155 2.531372e-01 2.236386e+01 1.412693e+01 1.320554e+02 1.425793e+03 5.892108e+01 6.413937e+01
156 2.546111e-01 2.247821e+01 1.411415e+01 1.321788e+02 1.428141e+03 5.899570e+01 6.421041e+01
157 2.560826e-01 2.259220e+01 1.410170e+01 1.322931e+02 1.430477e+03 5.907009e+01 6.428122e+01
158 2.575516e-01 2.270583e+01 1.409083e+01 1.324088e+02 1.432223e+03 5.914426e+01 6.435179e+01
159 2.590182e-01 2.281910e+01 1.407583e+01 1.325238e+02 1.434110e+03 5.921820e+01 6.442212e+01
160 2.604823e-01 2.293202e+01 1.406331e+01 1.326442e+02 1.436441e+03 5.929192e+01 6.449222e+01
161 2.619440e-01 2.304459e+01 1.405176e+01 1.327622e+02 1.438444e+03 5.936541e+01 6.456209e+01
162 2.634032e-01 2.315680e+01 1.403693e+01 1.328793e+02 1.440551e+03 5.943867e+01 6.463172e+01
163 2.648599e-01 2.326866e+01 1.402170e+01 1.330201e+02 1.442891e+03 5.951170e+01 6.470111e+01
164 2.663142e-01 2.338016e+01 1.399732e+01 1.331660e+02 1.445312e+03 5.958451e+01 6.477027e+01
165 2.677660e-01 2.349132e+01 1.396928e+01 1.333092e+02 1.447782e+03 5.965710e+01 6.483920e+01
166 2.692154e-01 2.360213e+01 1.394610e+01 1.334532e+02 1.449923e+03 5.972945e+01 6.490789e+01
167 2.706623e-01 2.371259e+01 1.392301e+01 1.335953e+02 1.452152e+03 5.980158e+01 6.497635e+01
168 2.721067e-01 2.382270e+01 1.389921e+01 1.337322e+02 1.454789e+03 5.987349e+01 6.504458e+01
169 2.735487e-01 2.393247e+01 1.387569e+01 1.338650e+02 1.457088e+03 5.994517e+01 6.511257e+01
170 2.749883e-01 2.404190e+01 1.385388e+01 1.339939e+02 1.459356e+03 6.001663e+01 6.518034e+01
171 2.764253e-01 2.415098e+01 1.383134e+01 1.341218e+02 1.461927e+03 6.008786e+01 6.524787e+01
172 2.778600e-01 2.425971e+01 1.380752e+01 1.342514e+02 1.464508e+03 6.015887e+01 6.531517e+01
173 2.792922e-01 2.436811e+01 1.378382e+01 1.343729e+02 1.466981e+03 6.022965e+01 6.538224e+01
174 2.807219e-01 2.447616e+01 1.376180e+01 1.344925e+02 1.469273e+03 6.030021e+01 6.544908e+01
175 2.821492e-01 2.458388e+01 1.374092e+01 1.346091e+02 1.471702e+03 6.037055e+01 6.551569e+01
176 2.835740e-01 2.469126e+01 1.371622e+01 1.347167e+02 1.474575e+03 6.044067e+01 6.558207e+01
177 2.849963e-01 2.479830e+01 1.370250e+01 1.348292e+02 1.476238e+03 6.051056e+01 6.564822e+01
178 2.864163e-01 2.490500e+01 1.367401e+01 1.349600e+02 1.480025e+03 6.058023e+01 6.546495e+01
179 2.878337e-01 2.501137e+01 1.367101e+01 1.350835e+02 1.481440e+03 6.064967e+01 6.553083e+01
180 2.892488e-01 2.511741e+01 1.363936e+01 1.352095e+02 1.485613e+03 6.071890e+01 6.559647e+01
181 2.906614e-01 2.522311e+01 1.364078e+01 1.353220e+02 1.486637e+03 6.078790e+01 6.566190e+01
182 2.920715e-01 2.532849e+01 1.360964e+01 1.354361e+02 1.490681e+03 6.085668e+01 6.572709e+01
183 2.934792e-01 2.543353e+01 1.361131e+01 1.355433e+02 1.491954e+03 6.092524e+01 6.579206e+01
184 2.948845e-01 2.553824e+01 1.357775e+01 1.356288e+02 1.496445e+03 6.099359e+01 6.585680e+01
185 2.962873e-01 2.564262e+01 1.357889e+01 1.357193e+02 1.497561e+03 6.106171e+01 6.592132e+01
186 2.976877e-01 2.574668e+01 1.354434e+01 1.358208e+02 1.501928e+03 6.112961e+01 6.598562e+01
187 2.990856e-01 2.585041e+01 1.353979e+01 1.359239e+02 1.503170e+03 6.119729e+01 6.604969e+01
188 3.004811e-01 2.595381e+01 1.349873e+01 1.360332e+02 1.507879e+03 6.126475e+01 6.611354e+01
189 3.018742e-01 2.605689e+01 1.349225e+01 1.361405e+02 1.509069e+03 6.133200e+01 6.617716e+01
190 3.032648e-01 2.615965e+01 1.345172e+01 1.362490e+02 1.513463e+03 6.139903e+01 6.624056e+01
191 3.046531e-01 2.626208e+01 1.344519e+01 1.363618e+02 1.514625e+03 6.146584e+01 6.630374e+01
192 3.060389e-01 2.636420e+01 1.340375e+01 1.364729e+02 1.519379e+03 6.153243e+01 6.636670e+01
193 3.074222e-01 2.646599e+01 1.339731e+01 1.365857e+02 1.520554e+03 6.159880e+01 6.642944e+01
194 3.088032e-01 2.656747e+01 1.335675e+01 1.367089e+02 1.524959e+03 6.166496e+01 6.649196e+01
195 3.101817e-01 2.666863e+01 1.335177e+01 1.368398e+02 1.526258e+03 6.173090e+01 6.655426e+01
196 3.115578e-01 2.676947e+01 1.331203e+01 1.369710e+02 1.531097e+03 6.179663e+01 6.661634e+01
197 3.129315e-01 2.687000e+01 1.330711e+01 1.371064e+02 1.532395e+03 6.186214e+01 6.667820e+01
198 3.143028e-01 2.697021e+01 1.326780e+01 1.372368e+02 1.536946e+03 6.192744e+01 6.673984e+01
199 3.156717e-01 2.707011e+01 1.326545e+01 1.373604e+02 1.537767e+03 6.199252e+01 6.680127e+01
200 3.170381e-01 2.716970e+01 1.322071e+01 1.374853e+02 1.542908e+03 6.205739e+01 6.686248e+01
201 3.184022e-01 2.726898e+01 1.321787e+01 1.375977e+02 1.543842e+03 6.212205e+01 6.692347e+01
202 3.197639e-01 2.736795e+01 1.317591e+01 1.377041e+02 1.548614e+03 6.218649e+01 6.722905e+01
203 3.211231e-01 2.746660e+01 1.317615e+01 1.378229e+02 1.549259e+03 6.225072e+01 6.728942e+01
204 3.224800e-01 2.756496e+01 1.313684e+01 1.379371e+02 1.554337e+03 6.231474e+01 6.734959e+01
205 3.238344e-01 2.766300e+01 1.313676e+01 1.380532e+02 1.555216e+03 6.237855e+01 6.740953e+01
206 3.251865e-01 2.776074e+01 1.309571e+01 1.381616e+02 1.560043e+03 6.244215e+01 6.771314e+01
207 3.265362e-01 2.785817e+01 1.309579e+01 1.382664e+02 1.560791e+03 6.250553e+01 6.777248e+01
208 3.278835e-01 2.795530e+01 1.305674e+01 1.383648e+02 1.565955e+03 6.256871e+01 6.783160e+01
209 3.292284e-01 2.805213e+01 1.305784e+01 1.384618e+02 1.566702e+03 6.263168e+01 6.789051e+01
210 3.305709e-01 2.814866e+01 1.301885e+01 1.385582e+02 1.571884e+03 6.269443e+01 6.794921e+01
211 3.319111e-01 2.824489e+01 1.302097e+01 1.386544e+02 1.572029e+03 6.275698e+01 6.825046e+01
212 3.332488e-01 2.834081e+01 1.298695e+01 1.387590e+02 1.576827e+03 6.281933e+01 6.830856e+01
213 3.345842e-01 2.843644e+01 1.298966e+01 1.388594e+02 1.577483e+03 6.288146e+01 6.836644e+01
214 3.359173e-01 2.853178e+01 1.295081e+01 1.389473e+02 1.583016e+03 6.294339e+01 6.842412e+01
215 3.372479e-01 2.862681e+01 1.295138e+01 1.390304e+02 1.583879e+03 6.300511e+01 6.848158e+01
216 3.385763e-01 2.872156e+01 1.291528e+01 1.391151e+02 1.588569e+03 6.306662e+01 6.878048e+01
217 3.399022e-01 2.881601e+01 1.291844e+01 1.392008e+02 1.589256e+03 6.312793e+01 6.883734e+01
218 3.412258e-01 2.891016e+01 1.288295e+01 1.392856e+02 1.594547e+03 6.318904e+01 6.889401e+01
219 3.425470e-01 2.900403e+01 1.288377e+01 1.393690e+02 1.595598e+03 6.324994e+01 6.895046e+01
220 3.438659e-01 2.909760e+01 1.285224e+01 1.394544e+02 1.599692e+03 6.331064e+01 6.924740e+01
221 3.451825e-01 2.919089e+01 1.285328e+01 1.395525e+02 1.600723e+03 6.337113e+01 6.930326e+01
222 3.464967e-01 2.928388e+01 1.282255e+01 1.396526e+02 1.605438e+03 6.343142e+01 6.935892e+01
223 3.478085e-01 2.937659e+01 1.282122e+01 1.397520e+02 1.606633e+03 6.349151e+01 6.941437e+01
224 3.491180e-01 2.946901e+01 1.278680e+01 1.398537e+02 1.611606e+03 6.355140e+01 6.946962e+01
225 3.504252e-01 2.956115e+01 1.278441e+01 1.399503e+02 1.613004e+03 6.361109e+01 6.952467e+01
226 3.517301e-01 2.965300e+01 1.275617e+01 1.400412e+02 1.617291e+03 6.367057e+01 6.957952e+01
227 3.530326e-01 2.974457e+01 1.275071e+01 1.401306e+02 1.618883e+03 6.372986e+01 6.963416e+01
228 3.543328e-01 2.983586e+01 1.272167e+01 1.402181e+02 1.623149e+03 6.378895e+01 6.968861e+01
229 3.556307e-01 2.992687e+01 1.271356e+01 1.403014e+02 1.625093e+03 6.384784e+01 6.974286e+01
230 3.569263e-01 3.001759e+01 1.268904e+01 1.403834e+02 1.628595e+03 6.390653e+01 6.979691e+01
231 3.582196e-01 3.010804e+01 1.267529e+01 1.404732e+02 1.630859e+03 6.396502e+01 6.985076e+01
232 3.595105e-01 3.019821e+01 1.265129e+01 1.405601e+02 1.634345e+03 6.402331e+01 6.990441e+01
233 3.607992e-01 3.028810e+01 1.263598e+01 1.406449e+02 1.636976e+03 6.408141e+01 6.995787e+01
234 3.620856e-01 3.037772e+01 1.261397e+01 1.407275e+02 1.640141e+03 6.413932e+01 7.001113e+01
235 3.633696e-01 3.046706e+01 1.259293e+01 1.408049e+02 1.642988e+03 6.419703e+01 7.006419e+01
236 3.646514e-01 3.055613e+01 1.256637e+01 1.408765e+02 1.645953e+03 6.425454e+01 7.011707e+01
237 3.659309e-01 3.064493e+01 1.253911e+01 1.409475e+02 1.648865e+03 6.431186e+01 7.016974e+01
238 3.672081e-01 3.073345e+01 1.251108e+01 1.410083e+02 1.651891e+03 6.436898e+01 7.022223e+01
239 3.684830e-01 3.082170e+01 1.248398e+01 1.410664e+02 1.654778e+03 6.442592e+01 7.027452e+01
240 3.697556e-01 3.090969e+01 1.245851e+01 1.411215e+02 1.657412e+03 6.448266e+01 7.032662e+01
241 3.710260e-01 3.099740e+01 1.243058e+01 1.411858e+02 1.660216e+03 6.453920e+01 7.037853e+01
242 3.722941e-01 3.108485e+01 1.240524e+01 1.412479e+02 1.663626e+03 6.459556e+01 7.019364e+01
243 3.735599e-01 3.117203e+01 1.238168e+01 1.413078e+02 1.666484e+03 6.465173e+01 7.024535e+01
244 3.748235e-01 3.125894e+01 1.235881e+01 1.413649e+02 1.669301e+03 6.470770e+01 7.029688e+01
245 3.760848e-01 3.134559e+01 1.233506e+01 1.414224e+02 1.672018e+03 6.476349e+01 7.034821e+01
246 3.773439e-01 3.143198e+01 1.231038e+01 1.414772e+02 1.674971e+03 6.481909e+01 7.039936e+01
247 3.786007e-01 3.151810e+01 1.228653e+01 1.415335e+02 1.677878e+03 6.487450e+01 7.045032e+01
248 3.798553e-01 3.160396e+01 1.226306e+01 1.415918e+02 1.680717e+03 6.492972e+01 7.050109e+01
249 3.811076e-01 3.168956e+01 1.223718e+01 1.416497e+02 1.683642e+03 6.498476e+01 7.055168e+01
250 3.823577e-01 3.177490e+01 1.221075e+01 1.417057e+02 1.686567e+03 6.503960e+01 7.060208e+01
251 3.836056e-01 3.185999e+01 1.218531e+01 1.417693e+02 1.689450e+03 6.509427e+01 7.065230e+01
252 3.848512e-01 3.194481e+01 1.215958e+01 1.418400e+02 1.692356e+03 6.514874e+01 7.070234e+01
253 3.860946e-01 3.202938e+01 1.213300e+01 1.419069e+02 1.695228e+03 6.520304e+01 7.075219e+01
254 3.873358e-01 3.211369e+01 1.210605e+01 1.419713e+02 1.698169e+03 6.525715e+01 7.080186e+01
255 3.885748e-01 3.219775e+01 1.208145e+01 1.420314e+02 1.700925e+03 6.531107e+01 7.085134e+01
256 3.898115e-01 3.228155e+01 1.205559e+01 1.420883e+02 1.703628e+03 6.536481e+01 7.090065e+01
257 3.910461e-01 3.236510e+01 1.202727e+01 1.421438e+02 1.706554e+03 6.541837e+01 7.094977e+01
258 3.922784e-01 3.244840e+01 1.200037e+01 1.421921e+02 1.709375e+03 6.547175e+01 7.099872e+01
259 3.935086e-01 3.253145e+01 1.197342e+01 1.422368e+02 1.712231e+03 6.552495e+01 7.104748e+01
260 3.947366e-01 3.261425e+01 1.194173e+01 1.422787e+02 1.715114e+03 6.557796e+01 7.109607e+01
261 3.959623e-01 3.269679e+01 1.190827e+01 1.423173e+02 1.717909e+03 6.563080e+01 7.114448e+01
262 3.971859e-01 3.277910e+01 1.187509e+01 1.423563e+02 1.720726e+03 6.568345e+01 7.119271e+01
263 3.984073e-01 3.286115e+01 1.184161e+01 1.424056e+02 1.723644e+03 6.573593e+01 7.124077e+01
264 3.996265e-01 3.294296e+01 1.180666e+01 1.424520e+02 1.726591e+03 6.578823e+01 7.128865e+01
265 4.008436e-01 3.302452e+01 1.177215e+01 1.424946e+02 1.729587e+03 6.584036e+01 7.133635e+01
266 4.020585e-01 3.310584e+01 1.173961e+01 1.425349e+02 1.732386e+03 6.589230e+01 7.138388e+01
267 4.032712e-01 3.318691e+01 1.170631e+01 1.425722e+02 1.735166e+03 6.594407e+01 7.143124e+01
268 4.044818e-01 3.326775e+01 1.167129e+01 1.426078e+02 1.738138e+03 6.599566e+01 7.147842e+01
269 4.056902e-01 3.334834e+01 1.163600e+01 1.426428e+02 1.741318e+03 6.604708e+01 7.152543e+01
270 4.068965e-01 3.342869e+01 1.160137e+01 1.426777e+02 1.744354e+03 6.609833e+01 7.157227e+01
271 4.081006e-01 3.350880e+01 1.156744e+01 1.427107e+02 1.747352e+03 6.614940e+01 7.161894e+01
272 4.093025e-01 3.358867e+01 1.153236e+01 1.427430e+02 1.750410e+03 6.620029e+01 7.166543e+01
273 4.105024e-01 3.366831e+01 1.149654e+01 1.427787e+02 1.753374e+03 6.625102e+01 7.171176e+01
274 4.117001e-01 3.374771e+01 1.146143e+01 1.428303e+02 1.756588e+03 6.630157e+01 7.175792e+01
275 4.128957e-01 3.382687e+01 1.142667e+01 1.428837e+02 1.759781e+03 6.635195e+01 7.180391e+01
276 4.140891e-01 3.390579e+01 1.139033e+01 1.429359e+02 1.762868e+03 6.640216e+01 7.184973e+01
277 4.152804e-01 3.398449e+01 1.135428e+01 1.429864e+02 1.766113e+03 6.645220e+01 7.189538e+01
278 4.164697e-01 3.406295e+01 1.131993e+01 1.430380e+02 1.769251e+03 6.650207e+01 7.194087e+01
279 4.176568e-01 3.414118e+01 1.128590e+01 1.430887e+02 1.773686e+03 6.655177e+01 7.175623e+01
280 4.188418e-01 3.421917e+01 1.125182e+01 1.431380e+02 1.776990e+03 6.660130e+01 7.180157e+01
281 4.200247e-01 3.429694e+01 1.121817e+01 1.431840e+02 1.780373e+03 6.665066e+01 7.184675e+01
282 4.212055e-01 3.437448e+01 1.118481e+01 1.432277e+02 1.783675e+03 6.669986e+01 7.189176e+01
283 4.223842e-01 3.445178e+01 1.115071e+01 1.432698e+02 1.787086e+03 6.674889e+01 7.193660e+01
284 4.235608e-01 3.452887e+01 1.111595e+01 1.433126e+02 1.790654e+03 6.679775e+01 7.198129e+01
285 4.247354e-01 3.460572e+01 1.108141e+01 1.433568e+02 1.793996e+03 6.684645e+01 7.202581e+01
286 4.259078e-01 3.468235e+01 1.104523e+01 1.433958e+02 1.797513e+03 6.689499e+01 7.207017e+01
287 4.270782e-01 3.475875e+01 1.100977e+01 1.434320e+02 1.801086e+03 6.694335e+01 7.211436e+01
288 4.282466e-01 3.483493e+01 1.097042e+01 1.434639e+02 1.804692e+03 6.699156e+01 7.215840e+01
289 4.294128e-01 3.491088e+01 1.093119e+01 1.434934e+02 1.808367e+03 6.703960e+01 7.220228e+01
290 4.305770e-01 3.498662e+01 1.089176e+01 1.435232e+02 1.812325e+03 6.708748e+01 7.224600e+01
291 4.317392e-01 3.506213e+01 1.085207e+01 1.435578e+02 1.816230e+03 6.713520e+01 7.228956e+01
