# it strain shortening ε_f δT D θ θc
1 0.000000e+00 0.000000e+00 1.224243e+00 5.684342e-14 6.349920e+03 4.500000e+01 4.512215e+01
2 1.770244e-03 1.768678e-01 1.256656e+00 1.307312e+00 6.114397e+03 4.510143e+01 4.522358e+01
3 3.539646e-03 3.533389e-01 1.288050e+00 2.589829e+00 5.923947e+03 4.520281e+01 4.532496e+01
4 5.308184e-03 5.294120e-01 1.321067e+00 3.846155e+00 5.758070e+03 4.530413e+01 4.542628e+01
5 7.075837e-03 7.050863e-01 1.355809e+00 5.077449e+00 5.610095e+03 4.540540e+01 4.552755e+01
6 8.842586e-03 8.803605e-01 1.392372e+00 6.284694e+00 5.475404e+03 4.550662e+01 4.562876e+01
7 1.060841e-02 1.055234e+00 1.430868e+00 7.468683e+00 5.350963e+03 4.560777e+01 4.572991e+01
8 1.237328e-02 1.229705e+00 1.471405e+00 8.630057e+00 5.234593e+03 4.570886e+01 4.583100e+01
9 1.413719e-02 1.403773e+00 1.514107e+00 9.769303e+00 5.124622e+03 4.580989e+01 4.593202e+01
10 1.590012e-02 1.577438e+00 1.559096e+00 1.088679e+01 5.019781e+03 4.591086e+01 4.603298e+01
11 1.766203e-02 1.750697e+00 1.606510e+00 1.200379e+01 4.919205e+03 4.601175e+01 4.613386e+01
12 1.942292e-02 1.923551e+00 1.656481e+00 1.317616e+01 4.821978e+03 4.611257e+01 4.623468e+01
13 2.118276e-02 2.095998e+00 1.709046e+00 1.434597e+01 4.726888e+03 4.621332e+01 4.633542e+01
14 2.294153e-02 2.268037e+00 1.764311e+00 1.551315e+01 4.633837e+03 4.631399e+01 4.643608e+01
15 2.469921e-02 2.439668e+00 1.822499e+00 1.667437e+01 4.542823e+03 4.641459e+01 4.653666e+01
16 2.645579e-02 2.610890e+00 1.883878e+00 1.785432e+01 4.453805e+03 4.651510e+01 4.663717e+01
17 2.821124e-02 2.781702e+00 1.948586e+00 1.906516e+01 4.366414e+03 4.661553e+01 4.673758e+01
18 2.996555e-02 2.952103e+00 2.016816e+00 2.028159e+01 4.280400e+03 4.671587e+01 4.683792e+01
19 3.171869e-02 3.122092e+00 2.088770e+00 2.150449e+01 4.195540e+03 4.681613e+01 4.693816e+01
20 3.347064e-02 3.291670e+00 2.164595e+00 2.273479e+01 4.111426e+03 4.691630e+01 4.703831e+01
21 3.522139e-02 3.460834e+00 2.244482e+00 2.397334e+01 4.027975e+03 4.701637e+01 4.713837e+01
22 3.697092e-02 3.629584e+00 2.328565e+00 2.522080e+01 3.944930e+03 4.711635e+01 4.723834e+01
23 3.871921e-02 3.797920e+00 2.417223e+00 2.647465e+01 3.862788e+03 4.721623e+01 4.733820e+01
24 4.046623e-02 3.965841e+00 2.510644e+00 2.778454e+01 3.781356e+03 4.731602e+01 4.743797e+01
25 4.221198e-02 4.133346e+00 2.609191e+00 2.911295e+01 3.700618e+03 4.741570e+01 4.753764e+01
26 4.395643e-02 4.300435e+00 2.713032e+00 3.045292e+01 3.620389e+03 4.751528e+01 4.763720e+01
27 4.569957e-02 4.467107e+00 2.822334e+00 3.180683e+01 3.540661e+03 4.761475e+01 4.773665e+01
28 4.744137e-02 4.633362e+00 2.937340e+00 3.317471e+01 3.461358e+03 4.771412e+01 4.783600e+01
29 4.918182e-02 4.799198e+00 3.058481e+00 3.455624e+01 3.382867e+03 4.781338e+01 4.793524e+01
30 5.092090e-02 4.964616e+00 3.185981e+00 3.598840e+01 3.305185e+03 4.791252e+01 4.803436e+01
31 5.265859e-02 5.129615e+00 3.320072e+00 3.745443e+01 3.228250e+03 4.801155e+01 4.813337e+01
32 5.439488e-02 5.294194e+00 3.460937e+00 3.893154e+01 3.151933e+03 4.811047e+01 4.823226e+01
33 5.612975e-02 5.458354e+00 3.608900e+00 4.042113e+01 3.076337e+03 4.820926e+01 4.833103e+01
34 5.786317e-02 5.622093e+00 3.763912e+00 4.192470e+01 3.001477e+03 4.830794e+01 4.842969e+01
35 5.959514e-02 5.785411e+00 3.926105e+00 4.344630e+01 2.927436e+03 4.840649e+01 4.852822e+01
36 6.132563e-02 5.948307e+00 4.095540e+00 4.503066e+01 2.854189e+03 4.850492e+01 4.862662e+01
37 6.305464e-02 6.110782e+00 4.272269e+00 4.662403e+01 2.781896e+03 4.860323e+01 4.872490e+01
38 6.478213e-02 6.272835e+00 4.456180e+00 4.822276e+01 2.710669e+03 4.870140e+01 4.882304e+01
39 6.650810e-02 6.434466e+00 4.647992e+00 4.982816e+01 2.639199e+03 4.879945e+01 4.916429e+01
40 6.823253e-02 6.595674e+00 4.848143e+00 5.144550e+01 2.570730e+03 4.889736e+01 4.926212e+01
41 6.995540e-02 6.756459e+00 5.055539e+00 5.311772e+01 2.503686e+03 4.899514e+01 4.935981e+01
42 7.167669e-02 6.916821e+00 5.270688e+00 5.480415e+01 2.436825e+03 4.909278e+01 4.970040e+01
43 7.339640e-02 7.076759e+00 5.495396e+00 5.649378e+01 2.372949e+03 4.919028e+01 4.979776e+01
44 7.511450e-02 7.236274e+00 5.727300e+00 5.818889e+01 2.310866e+03 4.928765e+01 4.989497e+01
45 7.683098e-02 7.395364e+00 5.967607e+00 5.988295e+01 2.249657e+03 4.938487e+01 5.023487e+01
46 7.854582e-02 7.554030e+00 6.216614e+00 6.162016e+01 2.191524e+03 4.948195e+01 5.033172e+01
47 8.025901e-02 7.712272e+00 6.471386e+00 6.337206e+01 2.135459e+03 4.957888e+01 5.042843e+01
48 8.197054e-02 7.870090e+00 6.736598e+00 6.511630e+01 2.080571e+03 4.967567e+01 5.076759e+01
49 8.368038e-02 8.027482e+00 7.007155e+00 6.685799e+01 2.028938e+03 4.977231e+01 5.086392e+01
50 8.538852e-02 8.184450e+00 7.285420e+00 6.858750e+01 1.978639e+03 4.986879e+01 5.120253e+01
51 8.709494e-02 8.340993e+00 7.571934e+00 7.034887e+01 1.931320e+03 4.996513e+01 5.129847e+01
52 8.879964e-02 8.497111e+00 7.862485e+00 7.211803e+01 1.886194e+03 5.006131e+01 5.139426e+01
53 9.050260e-02 8.652804e+00 8.156457e+00 7.386449e+01 1.843284e+03 5.015733e+01 5.148988e+01
54 9.220380e-02 8.808072e+00 8.451129e+00 7.558815e+01 1.802611e+03 5.025320e+01 5.158534e+01
55 9.390323e-02 8.962915e+00 8.745489e+00 7.727820e+01 1.764006e+03 5.034891e+01 5.168063e+01
56 9.560088e-02 9.117332e+00 9.036862e+00 7.897142e+01 1.727534e+03 5.044445e+01 5.177575e+01
57 9.729672e-02 9.271325e+00 9.322773e+00 8.063738e+01 1.693276e+03 5.053984e+01 5.187071e+01
58 9.899076e-02 9.424892e+00 9.607697e+00 8.226738e+01 1.660603e+03 5.063506e+01 5.220727e+01
59 1.006830e-01 9.578034e+00 9.899547e+00 8.387220e+01 1.630242e+03 5.073011e+01 5.230181e+01
60 1.023733e-01 9.730752e+00 1.018434e+01 8.544925e+01 1.601637e+03 5.082500e+01 5.239616e+01
61 1.040618e-01 9.883044e+00 1.046187e+01 8.701971e+01 1.575154e+03 5.091972e+01 5.249034e+01
62 1.057485e-01 1.003491e+01 1.073036e+01 8.855211e+01 1.550689e+03 5.101427e+01 5.258434e+01
63 1.074333e-01 1.018635e+01 1.098927e+01 9.003810e+01 1.527712e+03 5.110865e+01 5.267817e+01
64 1.091161e-01 1.033737e+01 1.123433e+01 9.146188e+01 1.506310e+03 5.120285e+01 5.277181e+01
65 1.107971e-01 1.048797e+01 1.146499e+01 9.283499e+01 1.486545e+03 5.129688e+01 5.286527e+01
66 1.124762e-01 1.063814e+01 1.167941e+01 9.418247e+01 1.468502e+03 5.139074e+01 5.295854e+01
67 1.141533e-01 1.078788e+01 1.188489e+01 9.549657e+01 1.451767e+03 5.148441e+01 5.329259e+01
68 1.158285e-01 1.093720e+01 1.208894e+01 9.677789e+01 1.436623e+03 5.157791e+01 5.338541e+01
69 1.175017e-01 1.108610e+01 1.228014e+01 9.800578e+01 1.422830e+03 5.167123e+01 5.347803e+01
70 1.191730e-01 1.123458e+01 1.245046e+01 9.916137e+01 1.410246e+03 5.176436e+01 5.357047e+01
71 1.208423e-01 1.138263e+01 1.260327e+01 1.003030e+02 1.398825e+03 5.185732e+01 5.366271e+01
72 1.225096e-01 1.153026e+01 1.274167e+01 1.014046e+02 1.388613e+03 5.195008e+01 5.375476e+01
73 1.241749e-01 1.167746e+01 1.286248e+01 1.024293e+02 1.379355e+03 5.204267e+01 5.384662e+01
74 1.258382e-01 1.182425e+01 1.296580e+01 1.033942e+02 1.371133e+03 5.213506e+01 5.393828e+01
75 1.274994e-01 1.197061e+01 1.305696e+01 1.043450e+02 1.363769e+03 5.222727e+01 5.402975e+01
76 1.291587e-01 1.211655e+01 1.314421e+01 1.052903e+02 1.357176e+03 5.231929e+01 5.436105e+01
77 1.308158e-01 1.226207e+01 1.323090e+01 1.062183e+02 1.351743e+03 5.241112e+01 5.445202e+01
78 1.324710e-01 1.240716e+01 1.330745e+01 1.071247e+02 1.346899e+03 5.250276e+01 5.454279e+01
79 1.341240e-01 1.255184e+01 1.339484e+01 1.079894e+02 1.342640e+03 5.259420e+01 5.487302e+01
80 1.357750e-01 1.269610e+01 1.347185e+01 1.088429e+02 1.339243e+03 5.268545e+01 5.496328e+01
81 1.374239e-01 1.283994e+01 1.354186e+01 1.096771e+02 1.336157e+03 5.277651e+01 5.529271e+01
82 1.390707e-01 1.298335e+01 1.362296e+01 1.105286e+02 1.333863e+03 5.286737e+01 5.538246e+01
83 1.407154e-01 1.312635e+01 1.369284e+01 1.113283e+02 1.331840e+03 5.295803e+01 5.547199e+01
84 1.423580e-01 1.326893e+01 1.375829e+01 1.121278e+02 1.330393e+03 5.304850e+01 5.580028e+01
85 1.439985e-01 1.341110e+01 1.383104e+01 1.128817e+02 1.329543e+03 5.313876e+01 5.588929e+01
86 1.456368e-01 1.355284e+01 1.389584e+01 1.136200e+02 1.329175e+03 5.322883e+01 5.597809e+01
87 1.472730e-01 1.369417e+01 1.395379e+01 1.143449e+02 1.328976e+03 5.331869e+01 5.630521e+01
88 1.489070e-01 1.383508e+01 1.402511e+01 1.150299e+02 1.328947e+03 5.340835e+01 5.639347e+01
89 1.505389e-01 1.397557e+01 1.409011e+01 1.156739e+02 1.329467e+03 5.349781e+01 5.648152e+01
90 1.521686e-01 1.411565e+01 1.414574e+01 1.162776e+02 1.330115e+03 5.358707e+01 5.656935e+01
91 1.537961e-01 1.425532e+01 1.419313e+01 1.168515e+02 1.331338e+03 5.367612e+01 5.665696e+01
92 1.554215e-01 1.439457e+01 1.423560e+01 1.174333e+02 1.332778e+03 5.376496e+01 5.674435e+01
93 1.570446e-01 1.453341e+01 1.426978e+01 1.179818e+02 1.334377e+03 5.385360e+01 5.683153e+01
94 1.586655e-01 1.467183e+01 1.429758e+01 1.184819e+02 1.336183e+03 5.394202e+01 5.691849e+01
95 1.602843e-01 1.480984e+01 1.431818e+01 1.189443e+02 1.338210e+03 5.403024e+01 5.700522e+01
96 1.619007e-01 1.494744e+01 1.433495e+01 1.193937e+02 1.340421e+03 5.411826e+01 5.709174e+01
97 1.635150e-01 1.508463e+01 1.435412e+01 1.198538e+02 1.342367e+03 5.420606e+01 5.717803e+01
98 1.651271e-01 1.522140e+01 1.436621e+01 1.202894e+02 1.344498e+03 5.429365e+01 5.726411e+01
99 1.667369e-01 1.535777e+01 1.437288e+01 1.207121e+02 1.346993e+03 5.438102e+01 5.734996e+01
100 1.683444e-01 1.549373e+01 1.437142e+01 1.211114e+02 1.349697e+03 5.446819e+01 5.743558e+01
101 1.699497e-01 1.562927e+01 1.435892e+01 1.214951e+02 1.352606e+03 5.455514e+01 5.752099e+01
102 1.715527e-01 1.576441e+01 1.433896e+01 1.218721e+02 1.355831e+03 5.464188e+01 5.760617e+01
103 1.731535e-01 1.589914e+01 1.431266e+01 1.222662e+02 1.359039e+03 5.472841e+01 5.769112e+01
104 1.747519e-01 1.603347e+01 1.429208e+01 1.226462e+02 1.362080e+03 5.481472e+01 5.777585e+01
105 1.763481e-01 1.616739e+01 1.427138e+01 1.230465e+02 1.365254e+03 5.490081e+01 5.786035e+01
106 1.779420e-01 1.630090e+01 1.424689e+01 1.234081e+02 1.368312e+03 5.498669e+01 5.794463e+01
107 1.795336e-01 1.643401e+01 1.421940e+01 1.237430e+02 1.371561e+03 5.507235e+01 5.802868e+01
108 1.811229e-01 1.656672e+01 1.419345e+01 1.241211e+02 1.375033e+03 5.515779e+01 5.811250e+01
109 1.827099e-01 1.669902e+01 1.416269e+01 1.245113e+02 1.378427e+03 5.524301e+01 5.819609e+01
110 1.842946e-01 1.683092e+01 1.412556e+01 1.248571e+02 1.381851e+03 5.532802e+01 5.827945e+01
111 1.858769e-01 1.696242e+01 1.409388e+01 1.252178e+02 1.385399e+03 5.541281e+01 5.836259e+01
112 1.874569e-01 1.709352e+01 1.406402e+01 1.255653e+02 1.388758e+03 5.549737e+01 5.844550e+01
113 1.890346e-01 1.722421e+01 1.403304e+01 1.258937e+02 1.392013e+03 5.558172e+01 5.852817e+01
114 1.906100e-01 1.735451e+01 1.400360e+01 1.262281e+02 1.395505e+03 5.566584e+01 5.861062e+01
115 1.921830e-01 1.748441e+01 1.397160e+01 1.265498e+02 1.399121e+03 5.574975e+01 5.869284e+01
116 1.937536e-01 1.761392e+01 1.394618e+01 1.268702e+02 1.402462e+03 5.583343e+01 5.900967e+01
117 1.953219e-01 1.774302e+01 1.391717e+01 1.271762e+02 1.406169e+03 5.591689e+01 5.909129e+01
118 1.968879e-01 1.787173e+01 1.389097e+01 1.274720e+02 1.409907e+03 5.600013e+01 5.917267e+01
119 1.984515e-01 1.800004e+01 1.386217e+01 1.277340e+02 1.413355e+03 5.608314e+01 5.925383e+01
120 2.000127e-01 1.812796e+01 1.383724e+01 1.280092e+02 1.416818e+03 5.616593e+01 5.933475e+01
121 2.015715e-01 1.825549e+01 1.381474e+01 1.282762e+02 1.420108e+03 5.624850e+01 5.964949e+01
122 2.031280e-01 1.838262e+01 1.379554e+01 1.285245e+02 1.423502e+03 5.633084e+01 5.972981e+01
123 2.046821e-01 1.850937e+01 1.377950e+01 1.287487e+02 1.427024e+03 5.641296e+01 5.980989e+01
124 2.062338e-01 1.863572e+01 1.375877e+01 1.289646e+02 1.430756e+03 5.649486e+01 5.988974e+01
125 2.077831e-01 1.876168e+01 1.373942e+01 1.291739e+02 1.434368e+03 5.657653e+01 5.996935e+01
126 2.093301e-01 1.888725e+01 1.371824e+01 1.293795e+02 1.437906e+03 5.665797e+01 6.004873e+01
127 2.108746e-01 1.901244e+01 1.369806e+01 1.295702e+02 1.441522e+03 5.673919e+01 6.012788e+01
128 2.124167e-01 1.913723e+01 1.368549e+01 1.297566e+02 1.444770e+03 5.682018e+01 6.043974e+01
129 2.139564e-01 1.926165e+01 1.367205e+01 1.299351e+02 1.448221e+03 5.690095e+01 6.051828e+01
130 2.154938e-01 1.938567e+01 1.365928e+01 1.301109e+02 1.451792e+03 5.698149e+01 6.059657e+01
131 2.170287e-01 1.950931e+01 1.364490e+01 1.302844e+02 1.455371e+03 5.706180e+01 6.067463e+01
132 2.185612e-01 1.963257e+01 1.363271e+01 1.304672e+02 1.458832e+03 5.714189e+01 6.075245e+01
133 2.200913e-01 1.975544e+01 1.361668e+01 1.306440e+02 1.462386e+03 5.722175e+01 6.083004e+01
134 2.216189e-01 1.987794e+01 1.360285e+01 1.308023e+02 1.465726e+03 5.730138e+01 6.113937e+01
135 2.231442e-01 2.000005e+01 1.359921e+01 1.309780e+02 1.469046e+03 5.738079e+01 6.121634e+01
136 2.246670e-01 2.012178e+01 1.358799e+01 1.311403e+02 1.472566e+03 5.745997e+01 6.129307e+01
137 2.261874e-01 2.024314e+01 1.357924e+01 1.312934e+02 1.476000e+03 5.753892e+01 6.136956e+01
138 2.277053e-01 2.036411e+01 1.357328e+01 1.314704e+02 1.479326e+03 5.761764e+01 6.144582e+01
139 2.292209e-01 2.048471e+01 1.356454e+01 1.316693e+02 1.482861e+03 5.769614e+01 6.152185e+01
140 2.307340e-01 2.060493e+01 1.355581e+01 1.318446e+02 1.486433e+03 5.777441e+01 6.159763e+01
141 2.322446e-01 2.072478e+01 1.354574e+01 1.320118e+02 1.489744e+03 5.785245e+01 6.167318e+01
142 2.337529e-01 2.084426e+01 1.353535e+01 1.322003e+02 1.493010e+03 5.793026e+01 6.174850e+01
143 2.352586e-01 2.096336e+01 1.352492e+01 1.323612e+02 1.496488e+03 5.800784e+01 6.182358e+01
144 2.367620e-01 2.108209e+01 1.351380e+01 1.325211e+02 1.499789e+03 5.808520e+01 6.189842e+01
145 2.382629e-01 2.120045e+01 1.350295e+01 1.327035e+02 1.502833e+03 5.816233e+01 6.197302e+01
146 2.397613e-01 2.131844e+01 1.349117e+01 1.328999e+02 1.506292e+03 5.823923e+01 6.204739e+01
147 2.412573e-01 2.143606e+01 1.347099e+01 1.330820e+02 1.509618e+03 5.831590e+01 6.212153e+01
148 2.427509e-01 2.155331e+01 1.344666e+01 1.332702e+02 1.513084e+03 5.839234e+01 6.219543e+01
149 2.442420e-01 2.167020e+01 1.342365e+01 1.334559e+02 1.516414e+03 5.846856e+01 6.226909e+01
150 2.457307e-01 2.178672e+01 1.340195e+01 1.336153e+02 1.519689e+03 5.854455e+01 6.234252e+01
151 2.472169e-01 2.190287e+01 1.337704e+01 1.337731e+02 1.523032e+03 5.862031e+01 6.241571e+01
152 2.487006e-01 2.201866e+01 1.335377e+01 1.339438e+02 1.526329e+03 5.869584e+01 6.248866e+01
153 2.501819e-01 2.213409e+01 1.333198e+01 1.341116e+02 1.529488e+03 5.877115e+01 6.256139e+01
154 2.516608e-01 2.224916e+01 1.331058e+01 1.342509e+02 1.532840e+03 5.884623e+01 6.263387e+01
155 2.531372e-01 2.236386e+01 1.328999e+01 1.343846e+02 1.536162e+03 5.892108e+01 6.270613e+01
156 2.546111e-01 2.247821e+01 1.326624e+01 1.345145e+02 1.539474e+03 5.899570e+01 6.277815e+01
157 2.560826e-01 2.259220e+01 1.324416e+01 1.346346e+02 1.542692e+03 5.907009e+01 6.284993e+01
158 2.575516e-01 2.270583e+01 1.322136e+01 1.347569e+02 1.545846e+03 5.914426e+01 6.292148e+01
159 2.590182e-01 2.281910e+01 1.319824e+01 1.348792e+02 1.548985e+03 5.921820e+01 6.299280e+01
160 2.604823e-01 2.293202e+01 1.317672e+01 1.350123e+02 1.552223e+03 5.929192e+01 6.306389e+01
161 2.619440e-01 2.304459e+01 1.315498e+01 1.351370e+02 1.555252e+03 5.936541e+01 6.313474e+01
162 2.634032e-01 2.315680e+01 1.313569e+01 1.352519e+02 1.558243e+03 5.943867e+01 6.320536e+01
163 2.648599e-01 2.326866e+01 1.311892e+01 1.353683e+02 1.561594e+03 5.951170e+01 6.304822e+01
164 2.663142e-01 2.338016e+01 1.309856e+01 1.354771e+02 1.564908e+03 5.958451e+01 6.311854e+01
165 2.677660e-01 2.349132e+01 1.307861e+01 1.355761e+02 1.568071e+03 5.965710e+01 6.318862e+01
166 2.692154e-01 2.360213e+01 1.305895e+01 1.356805e+02 1.571146e+03 5.972945e+01 6.325847e+01
167 2.706623e-01 2.371259e+01 1.303984e+01 1.358018e+02 1.574192e+03 5.980158e+01 6.332810e+01
168 2.721067e-01 2.382270e+01 1.302378e+01 1.359160e+02 1.577312e+03 5.987349e+01 6.339749e+01
169 2.735487e-01 2.393247e+01 1.300583e+01 1.360197e+02 1.580462e+03 5.994517e+01 6.346665e+01
170 2.749883e-01 2.404190e+01 1.298809e+01 1.361138e+02 1.583495e+03 6.001663e+01 6.353558e+01
171 2.764253e-01 2.415098e+01 1.296998e+01 1.362108e+02 1.586703e+03 6.008786e+01 6.360429e+01
172 2.778600e-01 2.425971e+01 1.294936e+01 1.363003e+02 1.590028e+03 6.015887e+01 6.367276e+01
173 2.792922e-01 2.436811e+01 1.293076e+01 1.363905e+02 1.593053e+03 6.022965e+01 6.374101e+01
174 2.807219e-01 2.447616e+01 1.291263e+01 1.364892e+02 1.595922e+03 6.030021e+01 6.380902e+01
175 2.821492e-01 2.458388e+01 1.288523e+01 1.365935e+02 1.598843e+03 6.037055e+01 6.387681e+01
176 2.835740e-01 2.469126e+01 1.286019e+01 1.366975e+02 1.601884e+03 6.044067e+01 6.394437e+01
177 2.849963e-01 2.479830e+01 1.283642e+01 1.367979e+02 1.604949e+03 6.051056e+01 6.401171e+01
178 2.864163e-01 2.490500e+01 1.281170e+01 1.368951e+02 1.608130e+03 6.058023e+01 6.407882e+01
179 2.878337e-01 2.501137e+01 1.278681e+01 1.370001e+02 1.611243e+03 6.064967e+01 6.414570e+01
180 2.892488e-01 2.511741e+01 1.275972e+01 1.371019e+02 1.614534e+03 6.071890e+01 6.421236e+01
181 2.906614e-01 2.522311e+01 1.273297e+01 1.371987e+02 1.617605e+03 6.078790e+01 6.427879e+01
182 2.920715e-01 2.532849e+01 1.270769e+01 1.373164e+02 1.620674e+03 6.085668e+01 6.434500e+01
183 2.934792e-01 2.543353e+01 1.268380e+01 1.374397e+02 1.623488e+03 6.092524e+01 6.463526e+01
184 2.948845e-01 2.553824e+01 1.266244e+01 1.375640e+02 1.626435e+03 6.099359e+01 6.470085e+01
185 2.962873e-01 2.564262e+01 1.264319e+01 1.376738e+02 1.629445e+03 6.106171e+01 6.476622e+01
186 2.976877e-01 2.574668e+01 1.262317e+01 1.377883e+02 1.632474e+03 6.112961e+01 6.483137e+01
187 2.990856e-01 2.585041e+01 1.260283e+01 1.379040e+02 1.635432e+03 6.119729e+01 6.489629e+01
188 3.004811e-01 2.595381e+01 1.258079e+01 1.380178e+02 1.638509e+03 6.126475e+01 6.496099e+01
189 3.018742e-01 2.605689e+01 1.255947e+01 1.381222e+02 1.641460e+03 6.133200e+01 6.502547e+01
190 3.032648e-01 2.615965e+01 1.254131e+01 1.382380e+02 1.644411e+03 6.139903e+01 6.531273e+01
191 3.046531e-01 2.626208e+01 1.252707e+01 1.383505e+02 1.647344e+03 6.146584e+01 6.537661e+01
192 3.060389e-01 2.636420e+01 1.251122e+01 1.384593e+02 1.650328e+03 6.153243e+01 6.544026e+01
193 3.074222e-01 2.646599e+01 1.249564e+01 1.385617e+02 1.653155e+03 6.159880e+01 6.550369e+01
194 3.088032e-01 2.656747e+01 1.247949e+01 1.386638e+02 1.656097e+03 6.166496e+01 6.556690e+01
195 3.101817e-01 2.666863e+01 1.246182e+01 1.387666e+02 1.659147e+03 6.173090e+01 6.562989e+01
196 3.115578e-01 2.676947e+01 1.244517e+01 1.388591e+02 1.662196e+03 6.179663e+01 6.569266e+01
197 3.129315e-01 2.687000e+01 1.243187e+01 1.389355e+02 1.665027e+03 6.186214e+01 6.597694e+01
198 3.143028e-01 2.697021e+01 1.242011e+01 1.390080e+02 1.668015e+03 6.192744e+01 6.603911e+01
199 3.156717e-01 2.707011e+01 1.241018e+01 1.390928e+02 1.670976e+03 6.199252e+01 6.610106e+01
200 3.170381e-01 2.716970e+01 1.239932e+01 1.391800e+02 1.673880e+03 6.205739e+01 6.616280e+01
201 3.184022e-01 2.726898e+01 1.238653e+01 1.392665e+02 1.676855e+03 6.212205e+01 6.622432e+01
202 3.197639e-01 2.736795e+01 1.237389e+01 1.393498e+02 1.679669e+03 6.218649e+01 6.628563e+01
203 3.211231e-01 2.746660e+01 1.235974e+01 1.394292e+02 1.682720e+03 6.225072e+01 6.634672e+01
204 3.224800e-01 2.756496e+01 1.234533e+01 1.395053e+02 1.685798e+03 6.231474e+01 6.640760e+01
205 3.238344e-01 2.766300e+01 1.233258e+01 1.395762e+02 1.688882e+03 6.237855e+01 6.646826e+01
206 3.251865e-01 2.776074e+01 1.231996e+01 1.396438e+02 1.691859e+03 6.244215e+01 6.652872e+01
207 3.265362e-01 2.785817e+01 1.230760e+01 1.397148e+02 1.694811e+03 6.250553e+01 6.658895e+01
208 3.278835e-01 2.795530e+01 1.229603e+01 1.397945e+02 1.697752e+03 6.256871e+01 6.664898e+01
209 3.292284e-01 2.805213e+01 1.228414e+01 1.398726e+02 1.700695e+03 6.263168e+01 6.670880e+01
210 3.305709e-01 2.814866e+01 1.226978e+01 1.399450e+02 1.703751e+03 6.269443e+01 6.676840e+01
211 3.319111e-01 2.824489e+01 1.225524e+01 1.400186e+02 1.706623e+03 6.275698e+01 6.682780e+01
212 3.332488e-01 2.834081e+01 1.224045e+01 1.400850e+02 1.709579e+03 6.281933e+01 6.688698e+01
213 3.345842e-01 2.843644e+01 1.222517e+01 1.401535e+02 1.712554e+03 6.288146e+01 6.694596e+01
214 3.359173e-01 2.853178e+01 1.221049e+01 1.402197e+02 1.715738e+03 6.294339e+01 6.700473e+01
215 3.372479e-01 2.862681e+01 1.219610e+01 1.402801e+02 1.718716e+03 6.300511e+01 6.706329e+01
216 3.385763e-01 2.872156e+01 1.218235e+01 1.403533e+02 1.721773e+03 6.306662e+01 6.712164e+01
217 3.399022e-01 2.881601e+01 1.217034e+01 1.404374e+02 1.724575e+03 6.312793e+01 6.717979e+01
218 3.412258e-01 2.891016e+01 1.215749e+01 1.405199e+02 1.727407e+03 6.318904e+01 6.723773e+01
219 3.425470e-01 2.900403e+01 1.214185e+01 1.406063e+02 1.730396e+03 6.324994e+01 6.729546e+01
220 3.438659e-01 2.909760e+01 1.212565e+01 1.406912e+02 1.733359e+03 6.331064e+01 6.735299e+01
221 3.451825e-01 2.919089e+01 1.210878e+01 1.407736e+02 1.736348e+03 6.337113e+01 6.741032e+01
222 3.464967e-01 2.928388e+01 1.209215e+01 1.408616e+02 1.739378e+03 6.343142e+01 6.746744e+01
223 3.478085e-01 2.937659e+01 1.207632e+01 1.409480e+02 1.742472e+03 6.349151e+01 6.752436e+01
224 3.491180e-01 2.946901e+01 1.206161e+01 1.410360e+02 1.745367e+03 6.355140e+01 6.758108e+01
225 3.504252e-01 2.956115e+01 1.204698e+01 1.411191e+02 1.748346e+03 6.361109e+01 6.763760e+01
226 3.517301e-01 2.965300e+01 1.203323e+01 1.412062e+02 1.751236e+03 6.367057e+01 6.769391e+01
227 3.530326e-01 2.974457e+01 1.201855e+01 1.412961e+02 1.754113e+03 6.372986e+01 6.775003e+01
228 3.543328e-01 2.983586e+01 1.199703e+01 1.413884e+02 1.757106e+03 6.378895e+01 6.780594e+01
229 3.556307e-01 2.992687e+01 1.197179e+01 1.414799e+02 1.760206e+03 6.384784e+01 6.786166e+01
230 3.569263e-01 3.001759e+01 1.194742e+01 1.415573e+02 1.763239e+03 6.390653e+01 6.791718e+01
231 3.582196e-01 3.010804e+01 1.192297e+01 1.416303e+02 1.766283e+03 6.396502e+01 6.797250e+01
232 3.595105e-01 3.019821e+01 1.189904e+01 1.416998e+02 1.769403e+03 6.402331e+01 6.802762e+01
233 3.607992e-01 3.028810e+01 1.187728e+01 1.417639e+02 1.772386e+03 6.408141e+01 6.808255e+01
234 3.620856e-01 3.037772e+01 1.185601e+01 1.418269e+02 1.775315e+03 6.413932e+01 6.813728e+01
235 3.633696e-01 3.046706e+01 1.183490e+01 1.418898e+02 1.778248e+03 6.419703e+01 6.819182e+01
236 3.646514e-01 3.055613e+01 1.181141e+01 1.419544e+02 1.781209e+03 6.425454e+01 6.824616e+01
237 3.659309e-01 3.064493e+01 1.178583e+01 1.420292e+02 1.784202e+03 6.431186e+01 6.830030e+01
238 3.672081e-01 3.073345e+01 1.176004e+01 1.420989e+02 1.787255e+03 6.436898e+01 6.835426e+01
239 3.684830e-01 3.082170e+01 1.173459e+01 1.421661e+02 1.790480e+03 6.442592e+01 6.840802e+01
240 3.697556e-01 3.090969e+01 1.170965e+01 1.422310e+02 1.793561e+03 6.448266e+01 6.846159e+01
241 3.710260e-01 3.099740e+01 1.168539e+01 1.422951e+02 1.796672e+03 6.453920e+01 6.851496e+01
242 3.722941e-01 3.108485e+01 1.166235e+01 1.423561e+02 1.799750e+03 6.459556e+01 6.856815e+01
243 3.735599e-01 3.117203e+01 1.164042e+01 1.424141e+02 1.802723e+03 6.465173e+01 6.862115e+01
244 3.748235e-01 3.125894e+01 1.161845e+01 1.424727e+02 1.805653e+03 6.470770e+01 6.867395e+01
245 3.760848e-01 3.134559e+01 1.159258e+01 1.425297e+02 1.808793e+03 6.476349e+01 6.872657e+01
246 3.773439e-01 3.143198e+01 1.156590e+01 1.425831e+02 1.812000e+03 6.481909e+01 6.877900e+01
247 3.786007e-01 3.151810e+01 1.153980e+01 1.426434e+02 1.815144e+03 6.487450e+01 6.883124e+01
248 3.798553e-01 3.160396e+01 1.151357e+01 1.427044e+02 1.818342e+03 6.492972e+01 6.888330e+01
249 3.811076e-01 3.168956e+01 1.148735e+01 1.427667e+02 1.821560e+03 6.498476e+01 6.893517e+01
250 3.823577e-01 3.177490e+01 1.146239e+01 1.428264e+02 1.824651e+03 6.503960e+01 6.898685e+01
251 3.836056e-01 3.185999e+01 1.143819e+01 1.428830e+02 1.827785e+03 6.509427e+01 6.903835e+01
252 3.848512e-01 3.194481e+01 1.141509e+01 1.429365e+02 1.830811e+03 6.514874e+01 6.908967e+01
253 3.860946e-01 3.202938e+01 1.139182e+01 1.429944e+02 1.833641e+03 6.520304e+01 6.935292e+01
254 3.873358e-01 3.211369e+01 1.136944e+01 1.430576e+02 1.836823e+03 6.525715e+01 6.940370e+01
255 3.885748e-01 3.219775e+01 1.134542e+01 1.431175e+02 1.840053e+03 6.531107e+01 6.945430e+01
256 3.898115e-01 3.228155e+01 1.132140e+01 1.431810e+02 1.843316e+03 6.536481e+01 6.950471e+01
257 3.910461e-01 3.236510e+01 1.129791e+01 1.432429e+02 1.846530e+03 6.541837e+01 6.955495e+01
258 3.922784e-01 3.244840e+01 1.127623e+01 1.433155e+02 1.849639e+03 6.547175e+01 6.981617e+01
259 3.935086e-01 3.253145e+01 1.125728e+01 1.433872e+02 1.852848e+03 6.552495e+01 6.986588e+01
260 3.947366e-01 3.261425e+01 1.123892e+01 1.434568e+02 1.856060e+03 6.557796e+01 6.991540e+01
261 3.959623e-01 3.269679e+01 1.122115e+01 1.435248e+02 1.859182e+03 6.563080e+01 6.996475e+01
262 3.971859e-01 3.277910e+01 1.120162e+01 1.435941e+02 1.862100e+03 6.568345e+01 7.022430e+01
263 3.984073e-01 3.286115e+01 1.118368e+01 1.436605e+02 1.865433e+03 6.573593e+01 7.027313e+01
264 3.996265e-01 3.294296e+01 1.116575e+01 1.437274e+02 1.868729e+03 6.578823e+01 7.032178e+01
265 4.008436e-01 3.302452e+01 1.114754e+01 1.437882e+02 1.872117e+03 6.584036e+01 7.037025e+01
266 4.020585e-01 3.310584e+01 1.112963e+01 1.438469e+02 1.875489e+03 6.589230e+01 7.041855e+01
267 4.032712e-01 3.318691e+01 1.111164e+01 1.439034e+02 1.878796e+03 6.594407e+01 7.046668e+01
268 4.044818e-01 3.326775e+01 1.109358e+01 1.439602e+02 1.882168e+03 6.599566e+01 7.051463e+01
269 4.056902e-01 3.334834e+01 1.107145e+01 1.440144e+02 1.885511e+03 6.604708e+01 7.056240e+01
270 4.068965e-01 3.342869e+01 1.104884e+01 1.440800e+02 1.888847e+03 6.609833e+01 7.061001e+01
271 4.081006e-01 3.350880e+01 1.102486e+01 1.441431e+02 1.892172e+03 6.614940e+01 7.065744e+01
272 4.093025e-01 3.358867e+01 1.099890e+01 1.442052e+02 1.895644e+03 6.620029e+01 7.070471e+01
273 4.105024e-01 3.366831e+01 1.097259e+01 1.442665e+02 1.899185e+03 6.625102e+01 7.075180e+01
274 4.117001e-01 3.374771e+01 1.094645e+01 1.443244e+02 1.902692e+03 6.630157e+01 7.079872e+01
275 4.128957e-01 3.382687e+01 1.092048e+01 1.443785e+02 1.906263e+03 6.635195e+01 7.084548e+01
276 4.140891e-01 3.390579e+01 1.089463e+01 1.444316e+02 1.909806e+03 6.640216e+01 7.089206e+01
277 4.152804e-01 3.398449e+01 1.086935e+01 1.444837e+02 1.913347e+03 6.645220e+01 7.093848e+01
278 4.164697e-01 3.406295e+01 1.084446e+01 1.445356e+02 1.916814e+03 6.650207e+01 7.098473e+01
279 4.176568e-01 3.414118e+01 1.081925e+01 1.445766e+02 1.920229e+03 6.655177e+01 7.103081e+01
280 4.188418e-01 3.421917e+01 1.079267e+01 1.446236e+02 1.923680e+03 6.660130e+01 7.107673e+01
281 4.200247e-01 3.429694e+01 1.076469e+01 1.446750e+02 1.927278e+03 6.665066e+01 7.112248e+01
282 4.212055e-01 3.437448e+01 1.073686e+01 1.447266e+02 1.931196e+03 6.669986e+01 7.096103e+01
283 4.223842e-01 3.445178e+01 1.070925e+01 1.447799e+02 1.934891e+03 6.674889e+01 7.100662e+01
284 4.235608e-01 3.452887e+01 1.068195e+01 1.448366e+02 1.938485e+03 6.679775e+01 7.105205e+01
285 4.247354e-01 3.460572e+01 1.065521e+01 1.448924e+02 1.942062e+03 6.684645e+01 7.109731e+01
286 4.259078e-01 3.468235e+01 1.062857e+01 1.449540e+02 1.945578e+03 6.689499e+01 7.114241e+01
287 4.270782e-01 3.475875e+01 1.060218e+01 1.450175e+02 1.949076e+03 6.694335e+01 7.118735e+01
288 4.282466e-01 3.483493e+01 1.057569e+01 1.450871e+02 1.952553e+03 6.699156e+01 7.123213e+01
289 4.294128e-01 3.491088e+01 1.054780e+01 1.451534e+02 1.956043e+03 6.703960e+01 7.127675e+01
290 4.305770e-01 3.498662e+01 1.051784e+01 1.452212e+02 1.959686e+03 6.708748e+01 7.132121e+01
291 4.317392e-01 3.506213e+01 1.048712e+01 1.452883e+02 1.963443e+03 6.713520e+01 7.136551e+01
