# it strain shortening ε_f δT D θ θc
1 0.000000e+00 0.000000e+00 1.224243e+00 5.684342e-14 6.349920e+03 4.500000e+01 4.512215e+01
2 1.770244e-03 1.768678e-01 1.256500e+00 1.306258e+00 6.114753e+03 4.510143e+01 4.522358e+01
3 3.539646e-03 3.533389e-01 1.287737e+00 2.587306e+00 5.924841e+03 4.520281e+01 4.532496e+01
4 5.308184e-03 5.294120e-01 1.320592e+00 3.841713e+00 5.759604e+03 4.530413e+01 4.542628e+01
5 7.075837e-03 7.050863e-01 1.355159e+00 5.070589e+00 5.612325e+03 4.540540e+01 4.552755e+01
6 8.842586e-03 8.803605e-01 1.391531e+00 6.274864e+00 5.478361e+03 4.550662e+01 4.562876e+01
7 1.060841e-02 1.055234e+00 1.429813e+00 7.455301e+00 5.354667e+03 4.560777e+01 4.572991e+01
8 1.237328e-02 1.229705e+00 1.470111e+00 8.612524e+00 5.239061e+03 4.570886e+01 4.583100e+01
9 1.413719e-02 1.403773e+00 1.512543e+00 9.747035e+00 5.129866e+03 4.580989e+01 4.593202e+01
10 1.590012e-02 1.577438e+00 1.557227e+00 1.085924e+01 5.025813e+03 4.591086e+01 4.603298e+01
11 1.766203e-02 1.750697e+00 1.604297e+00 1.194945e+01 4.926036e+03 4.601175e+01 4.613386e+01
12 1.942292e-02 1.923551e+00 1.653878e+00 1.304468e+01 4.829623e+03 4.611257e+01 4.623468e+01
13 2.118276e-02 2.095998e+00 1.706005e+00 1.420582e+01 4.735366e+03 4.621332e+01 4.633542e+01
14 2.294153e-02 2.268037e+00 1.760774e+00 1.536469e+01 4.643156e+03 4.631399e+01 4.643608e+01
15 2.469921e-02 2.439668e+00 1.818400e+00 1.651794e+01 4.552988e+03 4.641459e+01 4.653666e+01
16 2.645579e-02 2.610890e+00 1.879143e+00 1.770444e+01 4.464840e+03 4.651510e+01 4.663717e+01
17 2.821124e-02 2.781702e+00 1.943137e+00 1.890558e+01 4.378329e+03 4.661553e+01 4.673758e+01
18 2.996555e-02 2.952103e+00 2.010562e+00 2.011219e+01 4.293216e+03 4.671587e+01 4.683792e+01
19 3.171869e-02 3.122092e+00 2.081611e+00 2.132508e+01 4.209274e+03 4.681613e+01 4.693816e+01
20 3.347064e-02 3.291670e+00 2.156424e+00 2.254509e+01 4.126104e+03 4.691630e+01 4.703831e+01
21 3.522139e-02 3.460834e+00 2.235178e+00 2.377300e+01 4.043613e+03 4.701637e+01 4.713837e+01
22 3.697092e-02 3.629584e+00 2.317991e+00 2.500942e+01 3.961534e+03 4.711635e+01 4.723834e+01
23 3.871921e-02 3.797920e+00 2.405231e+00 2.625199e+01 3.880383e+03 4.721623e+01 4.733820e+01
24 4.046623e-02 3.965841e+00 2.497067e+00 2.755773e+01 3.799957e+03 4.731602e+01 4.743797e+01
25 4.221198e-02 4.133346e+00 2.593844e+00 2.887228e+01 3.720252e+03 4.741570e+01 4.753764e+01
26 4.395643e-02 4.300435e+00 2.695722e+00 3.019766e+01 3.641078e+03 4.751528e+01 4.763720e+01
27 4.569957e-02 4.467107e+00 2.802849e+00 3.153625e+01 3.562423e+03 4.761475e+01 4.773665e+01
28 4.744137e-02 4.633362e+00 2.915442e+00 3.288804e+01 3.484211e+03 4.771412e+01 4.783600e+01
29 4.918182e-02 4.799198e+00 3.033903e+00 3.425265e+01 3.406804e+03 4.781338e+01 4.793524e+01
30 5.092090e-02 4.964616e+00 3.158447e+00 3.567351e+01 3.330233e+03 4.791252e+01 4.803436e+01
31 5.265859e-02 5.129615e+00 3.289274e+00 3.711974e+01 3.254423e+03 4.801155e+01 4.813337e+01
32 5.439488e-02 5.294194e+00 3.426559e+00 3.857649e+01 3.179238e+03 4.811047e+01 4.823226e+01
33 5.612975e-02 5.458354e+00 3.570608e+00 4.004471e+01 3.104766e+03 4.820926e+01 4.833103e+01
34 5.786317e-02 5.622093e+00 3.721385e+00 4.152609e+01 3.031022e+03 4.830794e+01 4.842969e+01
35 5.959514e-02 5.785411e+00 3.879003e+00 4.303156e+01 2.958097e+03 4.840649e+01 4.852822e+01
36 6.132563e-02 5.948307e+00 4.043516e+00 4.459144e+01 2.885960e+03 4.850492e+01 4.862662e+01
37 6.305464e-02 6.110782e+00 4.215003e+00 4.615998e+01 2.814718e+03 4.860323e+01 4.872490e+01
38 6.478213e-02 6.272835e+00 4.393345e+00 4.773350e+01 2.744542e+03 4.870140e+01 4.882304e+01
39 6.650810e-02 6.434466e+00 4.578832e+00 4.931271e+01 2.674027e+03 4.879945e+01 4.916429e+01
40 6.823253e-02 6.595674e+00 4.772480e+00 5.090154e+01 2.606472e+03 4.889736e+01 4.926212e+01
41 6.995540e-02 6.756459e+00 4.973025e+00 5.255159e+01 2.540313e+03 4.899514e+01 4.935981e+01
42 7.167669e-02 6.916821e+00 5.180298e+00 5.420893e+01 2.474242e+03 4.909278e+01 4.970040e+01
43 7.339640e-02 7.076759e+00 5.397105e+00 5.586677e+01 2.411124e+03 4.919028e+01 4.979776e+01
44 7.511450e-02 7.236274e+00 5.620766e+00 5.753141e+01 2.349681e+03 4.928765e+01 4.989497e+01
45 7.683098e-02 7.395364e+00 5.851525e+00 5.919526e+01 2.288966e+03 4.938487e+01 5.023487e+01
46 7.854582e-02 7.554030e+00 6.091523e+00 6.090541e+01 2.231319e+03 4.948195e+01 5.033172e+01
47 8.025901e-02 7.712272e+00 6.337137e+00 6.262656e+01 2.175620e+03 4.957888e+01 5.042843e+01
48 8.197054e-02 7.870090e+00 6.591406e+00 6.433779e+01 2.120999e+03 4.967567e+01 5.076759e+01
49 8.368038e-02 8.027482e+00 6.851944e+00 6.604819e+01 2.069547e+03 4.977231e+01 5.086392e+01
50 8.538852e-02 8.184450e+00 7.118569e+00 6.774837e+01 2.019275e+03 4.986879e+01 5.120253e+01
51 8.709494e-02 8.340993e+00 7.394367e+00 6.948144e+01 1.971916e+03 4.996513e+01 5.129847e+01
52 8.879964e-02 8.497111e+00 7.674132e+00 7.122120e+01 1.926710e+03 5.006131e+01 5.139426e+01
53 9.050260e-02 8.652804e+00 7.957279e+00 7.293953e+01 1.883542e+03 5.015733e+01 5.148988e+01
54 9.220380e-02 8.808072e+00 8.241394e+00 7.463625e+01 1.842591e+03 5.025320e+01 5.158534e+01
55 9.390323e-02 8.962915e+00 8.526282e+00 7.630385e+01 1.803573e+03 5.034891e+01 5.168063e+01
56 9.560088e-02 9.117332e+00 8.808608e+00 7.798120e+01 1.766619e+03 5.044445e+01 5.177575e+01
57 9.729672e-02 9.271325e+00 9.086933e+00 7.962986e+01 1.731819e+03 5.053984e+01 5.187071e+01
58 9.899076e-02 9.424892e+00 9.361655e+00 8.124326e+01 1.698561e+03 5.063506e+01 5.220727e+01
59 1.006830e-01 9.578034e+00 9.645485e+00 8.282773e+01 1.667595e+03 5.073011e+01 5.230181e+01
60 1.023733e-01 9.730752e+00 9.923758e+00 8.438955e+01 1.638320e+03 5.082500e+01 5.239616e+01
61 1.040618e-01 9.883044e+00 1.019513e+01 8.595628e+01 1.610991e+03 5.091972e+01 5.249034e+01
62 1.057485e-01 1.003491e+01 1.045960e+01 8.748051e+01 1.585699e+03 5.101427e+01 5.258434e+01
63 1.074333e-01 1.018635e+01 1.071449e+01 8.896052e+01 1.561992e+03 5.110865e+01 5.267817e+01
64 1.091161e-01 1.033737e+01 1.095765e+01 9.038332e+01 1.539765e+03 5.120285e+01 5.277181e+01
65 1.107971e-01 1.048797e+01 1.118809e+01 9.175729e+01 1.519082e+03 5.129688e+01 5.286527e+01
66 1.124762e-01 1.063814e+01 1.140346e+01 9.311774e+01 1.500029e+03 5.139074e+01 5.295854e+01
67 1.141533e-01 1.078788e+01 1.160518e+01 9.442610e+01 1.482236e+03 5.148441e+01 5.329259e+01
68 1.158285e-01 1.093720e+01 1.180999e+01 9.571220e+01 1.466244e+03 5.157791e+01 5.338541e+01
69 1.175017e-01 1.108610e+01 1.200373e+01 9.694629e+01 1.451401e+03 5.167123e+01 5.347803e+01
70 1.191730e-01 1.123458e+01 1.217936e+01 9.812192e+01 1.437883e+03 5.176436e+01 5.357047e+01
71 1.208423e-01 1.138263e+01 1.233707e+01 9.927711e+01 1.425532e+03 5.185732e+01 5.366271e+01
72 1.225096e-01 1.153026e+01 1.248279e+01 1.003916e+02 1.414327e+03 5.195008e+01 5.375476e+01
73 1.241749e-01 1.167746e+01 1.261079e+01 1.014476e+02 1.404162e+03 5.204267e+01 5.384662e+01
74 1.258382e-01 1.182425e+01 1.272097e+01 1.024247e+02 1.395052e+03 5.213506e+01 5.393828e+01
75 1.274994e-01 1.197061e+01 1.281961e+01 1.033760e+02 1.386812e+03 5.222727e+01 5.402975e+01
76 1.291587e-01 1.211655e+01 1.290897e+01 1.043549e+02 1.379255e+03 5.231929e+01 5.436105e+01
77 1.308158e-01 1.226207e+01 1.300323e+01 1.052851e+02 1.373066e+03 5.241112e+01 5.445202e+01
78 1.324710e-01 1.240716e+01 1.308545e+01 1.062103e+02 1.367330e+03 5.250276e+01 5.454279e+01
79 1.341240e-01 1.255184e+01 1.317547e+01 1.070855e+02 1.362249e+03 5.259420e+01 5.487302e+01
80 1.357750e-01 1.269610e+01 1.325957e+01 1.079566e+02 1.358167e+03 5.268545e+01 5.496328e+01
81 1.374239e-01 1.283994e+01 1.333185e+01 1.088095e+02 1.354379e+03 5.277651e+01 5.529271e+01
82 1.390707e-01 1.298335e+01 1.342036e+01 1.096779e+02 1.351260e+03 5.286737e+01 5.538246e+01
83 1.407154e-01 1.312635e+01 1.349464e+01 1.104963e+02 1.348716e+03 5.295803e+01 5.547199e+01
84 1.423580e-01 1.326893e+01 1.356537e+01 1.113112e+02 1.346527e+03 5.304850e+01 5.580028e+01
85 1.439985e-01 1.341110e+01 1.364377e+01 1.120814e+02 1.345068e+03 5.313876e+01 5.588929e+01
86 1.456368e-01 1.355284e+01 1.371457e+01 1.128381e+02 1.343989e+03 5.322883e+01 5.597809e+01
87 1.472730e-01 1.369417e+01 1.377462e+01 1.135769e+02 1.343549e+03 5.331869e+01 5.606667e+01
88 1.489070e-01 1.383508e+01 1.385082e+01 1.142781e+02 1.342996e+03 5.340835e+01 5.639347e+01
89 1.505389e-01 1.397557e+01 1.391967e+01 1.149374e+02 1.342959e+03 5.349781e+01 5.648152e+01
90 1.521686e-01 1.411565e+01 1.398156e+01 1.155625e+02 1.343171e+03 5.358707e+01 5.656935e+01
91 1.537961e-01 1.425532e+01 1.403455e+01 1.161590e+02 1.343801e+03 5.367612e+01 5.665696e+01
92 1.554215e-01 1.439457e+01 1.407992e+01 1.167532e+02 1.344888e+03 5.376496e+01 5.674435e+01
93 1.570446e-01 1.453341e+01 1.411892e+01 1.173180e+02 1.346103e+03 5.385360e+01 5.683153e+01
94 1.586655e-01 1.467183e+01 1.415076e+01 1.178401e+02 1.347566e+03 5.394202e+01 5.691849e+01
95 1.602843e-01 1.480984e+01 1.417548e+01 1.183222e+02 1.349234e+03 5.403024e+01 5.700522e+01
96 1.619007e-01 1.494744e+01 1.419491e+01 1.187700e+02 1.351153e+03 5.411826e+01 5.709174e+01
97 1.635150e-01 1.508463e+01 1.421242e+01 1.192471e+02 1.352904e+03 5.420606e+01 5.717803e+01
98 1.651271e-01 1.522140e+01 1.422884e+01 1.197017e+02 1.354796e+03 5.429365e+01 5.726411e+01
99 1.667369e-01 1.535777e+01 1.424015e+01 1.201372e+02 1.356866e+03 5.438102e+01 5.734996e+01
100 1.683444e-01 1.549373e+01 1.424086e+01 1.205471e+02 1.359170e+03 5.446819e+01 5.743558e+01
101 1.699497e-01 1.562927e+01 1.423388e+01 1.209385e+02 1.361830e+03 5.455514e+01 5.752099e+01
102 1.715527e-01 1.576441e+01 1.421804e+01 1.213460e+02 1.364689e+03 5.464188e+01 5.760617e+01
103 1.731535e-01 1.589914e+01 1.419501e+01 1.217415e+02 1.367820e+03 5.472841e+01 5.769112e+01
104 1.747519e-01 1.603347e+01 1.417026e+01 1.221277e+02 1.370795e+03 5.481472e+01 5.777585e+01
105 1.763481e-01 1.616739e+01 1.415146e+01 1.225385e+02 1.373888e+03 5.490081e+01 5.786035e+01
106 1.779420e-01 1.630090e+01 1.412927e+01 1.229218e+02 1.376847e+03 5.498669e+01 5.794463e+01
107 1.795336e-01 1.643401e+01 1.410354e+01 1.232686e+02 1.379841e+03 5.507235e+01 5.802868e+01
108 1.811229e-01 1.656672e+01 1.407926e+01 1.236586e+02 1.383021e+03 5.515779e+01 5.811250e+01
109 1.827099e-01 1.669902e+01 1.405291e+01 1.240535e+02 1.386293e+03 5.524301e+01 5.819609e+01
110 1.842946e-01 1.683092e+01 1.402011e+01 1.244282e+02 1.389670e+03 5.532802e+01 5.827945e+01
111 1.858769e-01 1.696242e+01 1.398412e+01 1.247969e+02 1.392991e+03 5.541281e+01 5.836259e+01
112 1.874569e-01 1.709352e+01 1.395449e+01 1.251509e+02 1.396442e+03 5.549737e+01 5.844550e+01
113 1.890346e-01 1.722421e+01 1.392411e+01 1.254864e+02 1.399657e+03 5.558172e+01 5.852817e+01
114 1.906100e-01 1.735451e+01 1.389424e+01 1.258356e+02 1.402714e+03 5.566584e+01 5.884574e+01
115 1.921830e-01 1.748441e+01 1.387463e+01 1.261588e+02 1.406151e+03 5.574975e+01 5.892782e+01
116 1.937536e-01 1.761392e+01 1.385057e+01 1.264742e+02 1.409754e+03 5.583343e+01 5.900967e+01
117 1.953219e-01 1.774302e+01 1.382417e+01 1.267854e+02 1.413152e+03 5.591689e+01 5.909129e+01
118 1.968879e-01 1.787173e+01 1.379693e+01 1.270794e+02 1.416819e+03 5.600013e+01 5.917267e+01
119 1.984515e-01 1.800004e+01 1.377018e+01 1.273600e+02 1.420403e+03 5.608314e+01 5.925383e+01
120 2.000127e-01 1.812796e+01 1.374682e+01 1.276490e+02 1.423650e+03 5.616593e+01 5.956894e+01
121 2.015715e-01 1.825549e+01 1.373151e+01 1.279126e+02 1.427090e+03 5.624850e+01 5.964949e+01
122 2.031280e-01 1.838262e+01 1.371504e+01 1.281667e+02 1.430433e+03 5.633084e+01 5.972981e+01
123 2.046821e-01 1.850937e+01 1.369682e+01 1.283882e+02 1.433927e+03 5.641296e+01 5.980989e+01
124 2.062338e-01 1.863572e+01 1.367949e+01 1.286046e+02 1.437494e+03 5.649486e+01 5.988974e+01
125 2.077831e-01 1.876168e+01 1.365831e+01 1.288098e+02 1.441168e+03 5.657653e+01 5.996935e+01
126 2.093301e-01 1.888725e+01 1.364024e+01 1.290358e+02 1.444589e+03 5.665797e+01 6.028198e+01
127 2.108746e-01 1.901244e+01 1.362813e+01 1.292372e+02 1.448077e+03 5.673919e+01 6.036098e+01
128 2.124167e-01 1.913723e+01 1.361565e+01 1.294241e+02 1.451580e+03 5.682018e+01 6.043974e+01
129 2.139564e-01 1.926165e+01 1.360363e+01 1.295979e+02 1.454974e+03 5.690095e+01 6.051828e+01
130 2.154938e-01 1.938567e+01 1.359082e+01 1.297700e+02 1.458372e+03 5.698149e+01 6.059657e+01
131 2.170287e-01 1.950931e+01 1.357648e+01 1.299375e+02 1.461906e+03 5.706180e+01 6.067463e+01
132 2.185612e-01 1.963257e+01 1.356242e+01 1.301223e+02 1.465440e+03 5.714189e+01 6.075245e+01
133 2.200913e-01 1.975544e+01 1.355513e+01 1.303120e+02 1.468792e+03 5.722175e+01 6.106216e+01
134 2.216189e-01 1.987794e+01 1.354615e+01 1.304985e+02 1.472216e+03 5.730138e+01 6.113937e+01
135 2.231442e-01 2.000005e+01 1.353901e+01 1.306715e+02 1.475650e+03 5.738079e+01 6.121634e+01
136 2.246670e-01 2.012178e+01 1.353248e+01 1.308368e+02 1.479063e+03 5.745997e+01 6.129307e+01
137 2.261874e-01 2.024314e+01 1.352031e+01 1.310051e+02 1.482494e+03 5.753892e+01 6.136956e+01
138 2.277053e-01 2.036411e+01 1.351273e+01 1.311791e+02 1.485786e+03 5.761764e+01 6.144582e+01
139 2.292209e-01 2.048471e+01 1.350569e+01 1.313793e+02 1.489137e+03 5.769614e+01 6.152185e+01
140 2.307340e-01 2.060493e+01 1.349632e+01 1.315622e+02 1.492683e+03 5.777441e+01 6.159763e+01
141 2.322446e-01 2.072478e+01 1.348733e+01 1.317484e+02 1.496149e+03 5.785245e+01 6.167318e+01
142 2.337529e-01 2.084426e+01 1.347657e+01 1.319333e+02 1.499405e+03 5.793026e+01 6.174850e+01
143 2.352586e-01 2.096336e+01 1.346650e+01 1.321088e+02 1.502782e+03 5.800784e+01 6.182358e+01
144 2.367620e-01 2.108209e+01 1.345403e+01 1.322642e+02 1.506256e+03 5.808520e+01 6.189842e+01
145 2.382629e-01 2.120045e+01 1.344247e+01 1.324565e+02 1.509349e+03 5.816233e+01 6.197302e+01
146 2.397613e-01 2.131844e+01 1.343050e+01 1.326646e+02 1.512495e+03 5.823923e+01 6.204739e+01
147 2.412573e-01 2.143606e+01 1.340860e+01 1.328447e+02 1.515974e+03 5.831590e+01 6.212153e+01
148 2.427509e-01 2.155331e+01 1.338727e+01 1.330250e+02 1.519249e+03 5.839234e+01 6.219543e+01
149 2.442420e-01 2.167020e+01 1.336339e+01 1.332110e+02 1.522689e+03 5.846856e+01 6.226909e+01
150 2.457307e-01 2.178672e+01 1.334081e+01 1.333783e+02 1.526020e+03 5.854455e+01 6.234252e+01
151 2.472169e-01 2.190287e+01 1.331781e+01 1.335343e+02 1.529219e+03 5.862031e+01 6.241571e+01
152 2.487006e-01 2.201866e+01 1.329309e+01 1.337074e+02 1.532603e+03 5.869584e+01 6.248866e+01
153 2.501819e-01 2.213409e+01 1.327071e+01 1.338843e+02 1.535779e+03 5.877115e+01 6.256139e+01
154 2.516608e-01 2.224916e+01 1.324832e+01 1.340277e+02 1.538983e+03 5.884623e+01 6.263387e+01
155 2.531372e-01 2.236386e+01 1.322762e+01 1.341535e+02 1.542356e+03 5.892108e+01 6.270613e+01
156 2.546111e-01 2.247821e+01 1.320574e+01 1.342839e+02 1.545634e+03 5.899570e+01 6.277815e+01
157 2.560826e-01 2.259220e+01 1.318332e+01 1.344033e+02 1.548857e+03 5.907009e+01 6.284993e+01
158 2.575516e-01 2.270583e+01 1.316075e+01 1.345185e+02 1.552073e+03 5.914426e+01 6.292148e+01
159 2.590182e-01 2.281910e+01 1.313670e+01 1.346459e+02 1.555211e+03 5.921820e+01 6.299280e+01
160 2.604823e-01 2.293202e+01 1.311476e+01 1.347779e+02 1.558326e+03 5.929192e+01 6.306389e+01
161 2.619440e-01 2.304459e+01 1.309264e+01 1.349043e+02 1.561469e+03 5.936541e+01 6.313474e+01
162 2.634032e-01 2.315680e+01 1.307147e+01 1.350229e+02 1.564514e+03 5.943867e+01 6.320536e+01
163 2.648599e-01 2.326866e+01 1.305313e+01 1.351359e+02 1.567529e+03 5.951170e+01 6.327575e+01
164 2.663142e-01 2.338016e+01 1.303031e+01 1.352440e+02 1.570894e+03 5.958451e+01 6.334590e+01
165 2.677660e-01 2.349132e+01 1.300818e+01 1.353417e+02 1.574305e+03 5.965710e+01 6.318862e+01
166 2.692154e-01 2.360213e+01 1.298776e+01 1.354446e+02 1.577432e+03 5.972945e+01 6.325847e+01
167 2.706623e-01 2.371259e+01 1.296747e+01 1.355663e+02 1.580505e+03 5.980158e+01 6.332810e+01
168 2.721067e-01 2.382270e+01 1.294846e+01 1.356813e+02 1.583616e+03 5.987349e+01 6.339749e+01
169 2.735487e-01 2.393247e+01 1.293035e+01 1.357924e+02 1.586716e+03 5.994517e+01 6.346665e+01
170 2.749883e-01 2.404190e+01 1.291233e+01 1.358851e+02 1.589832e+03 6.001663e+01 6.353558e+01
171 2.764253e-01 2.415098e+01 1.289648e+01 1.359770e+02 1.592719e+03 6.008786e+01 6.360429e+01
172 2.778600e-01 2.425971e+01 1.287745e+01 1.360672e+02 1.595998e+03 6.015887e+01 6.367276e+01
173 2.792922e-01 2.436811e+01 1.285830e+01 1.361535e+02 1.599208e+03 6.022965e+01 6.374101e+01
174 2.807219e-01 2.447616e+01 1.283884e+01 1.362594e+02 1.602228e+03 6.030021e+01 6.380902e+01
175 2.821492e-01 2.458388e+01 1.281272e+01 1.363768e+02 1.605118e+03 6.037055e+01 6.387681e+01
176 2.835740e-01 2.469126e+01 1.278585e+01 1.364836e+02 1.608068e+03 6.044067e+01 6.394437e+01
177 2.849963e-01 2.479830e+01 1.276185e+01 1.365865e+02 1.611106e+03 6.051056e+01 6.401171e+01
178 2.864163e-01 2.490500e+01 1.273678e+01 1.366903e+02 1.614292e+03 6.058023e+01 6.407882e+01
179 2.878337e-01 2.501137e+01 1.271327e+01 1.367985e+02 1.617354e+03 6.064967e+01 6.414570e+01
180 2.892488e-01 2.511741e+01 1.268844e+01 1.369060e+02 1.620562e+03 6.071890e+01 6.421236e+01
181 2.906614e-01 2.522311e+01 1.266223e+01 1.369993e+02 1.623596e+03 6.078790e+01 6.450340e+01
182 2.920715e-01 2.532849e+01 1.264083e+01 1.371195e+02 1.626697e+03 6.085668e+01 6.456944e+01
183 2.934792e-01 2.543353e+01 1.262030e+01 1.372565e+02 1.629672e+03 6.092524e+01 6.463526e+01
184 2.948845e-01 2.553824e+01 1.259870e+01 1.373793e+02 1.632611e+03 6.099359e+01 6.470085e+01
185 2.962873e-01 2.564262e+01 1.257852e+01 1.374942e+02 1.635645e+03 6.106171e+01 6.476622e+01
186 2.976877e-01 2.574668e+01 1.255921e+01 1.376018e+02 1.638590e+03 6.112961e+01 6.483137e+01
187 2.990856e-01 2.585041e+01 1.253888e+01 1.377137e+02 1.641580e+03 6.119729e+01 6.489629e+01
188 3.004811e-01 2.595381e+01 1.251917e+01 1.378254e+02 1.644323e+03 6.126475e+01 6.518433e+01
189 3.018742e-01 2.605689e+01 1.250150e+01 1.379314e+02 1.647475e+03 6.133200e+01 6.524864e+01
190 3.032648e-01 2.615965e+01 1.248586e+01 1.380489e+02 1.650453e+03 6.139903e+01 6.531273e+01
191 3.046531e-01 2.626208e+01 1.247019e+01 1.381642e+02 1.653537e+03 6.146584e+01 6.537661e+01
192 3.060389e-01 2.636420e+01 1.245555e+01 1.382726e+02 1.656482e+03 6.153243e+01 6.544026e+01
193 3.074222e-01 2.646599e+01 1.243961e+01 1.383782e+02 1.659370e+03 6.159880e+01 6.550369e+01
194 3.088032e-01 2.656747e+01 1.242406e+01 1.384752e+02 1.662250e+03 6.166496e+01 6.556690e+01
195 3.101817e-01 2.666863e+01 1.241025e+01 1.385758e+02 1.665010e+03 6.173090e+01 6.585194e+01
196 3.115578e-01 2.676947e+01 1.239729e+01 1.386620e+02 1.668040e+03 6.179663e+01 6.591455e+01
197 3.129315e-01 2.687000e+01 1.238481e+01 1.387430e+02 1.671058e+03 6.186214e+01 6.597694e+01
198 3.143028e-01 2.697021e+01 1.237188e+01 1.388179e+02 1.674018e+03 6.192744e+01 6.603911e+01
199 3.156717e-01 2.707011e+01 1.236026e+01 1.389032e+02 1.677057e+03 6.199252e+01 6.610106e+01
200 3.170381e-01 2.716970e+01 1.235003e+01 1.389879e+02 1.679992e+03 6.205739e+01 6.616280e+01
201 3.184022e-01 2.726898e+01 1.233781e+01 1.390732e+02 1.682983e+03 6.212205e+01 6.622432e+01
202 3.197639e-01 2.736795e+01 1.232561e+01 1.391543e+02 1.685862e+03 6.218649e+01 6.628563e+01
203 3.211231e-01 2.746660e+01 1.231263e+01 1.392306e+02 1.688718e+03 6.225072e+01 6.634672e+01
204 3.224800e-01 2.756496e+01 1.229717e+01 1.393053e+02 1.691842e+03 6.231474e+01 6.640760e+01
205 3.238344e-01 2.766300e+01 1.228290e+01 1.393782e+02 1.694909e+03 6.237855e+01 6.646826e+01
206 3.251865e-01 2.776074e+01 1.226986e+01 1.394453e+02 1.697950e+03 6.244215e+01 6.652872e+01
207 3.265362e-01 2.785817e+01 1.225712e+01 1.395152e+02 1.700920e+03 6.250553e+01 6.658895e+01
208 3.278835e-01 2.795530e+01 1.224413e+01 1.395958e+02 1.703897e+03 6.256871e+01 6.664898e+01
209 3.292284e-01 2.805213e+01 1.223251e+01 1.396723e+02 1.706808e+03 6.263168e+01 6.670880e+01
210 3.305709e-01 2.814866e+01 1.222010e+01 1.397445e+02 1.709794e+03 6.269443e+01 6.676840e+01
211 3.319111e-01 2.824489e+01 1.220572e+01 1.398146e+02 1.712684e+03 6.275698e+01 6.682780e+01
212 3.332488e-01 2.834081e+01 1.219158e+01 1.398839e+02 1.715567e+03 6.281933e+01 6.688698e+01
213 3.345842e-01 2.843644e+01 1.217558e+01 1.399485e+02 1.718542e+03 6.288146e+01 6.694596e+01
214 3.359173e-01 2.853178e+01 1.216002e+01 1.400214e+02 1.721595e+03 6.294339e+01 6.700473e+01
215 3.372479e-01 2.862681e+01 1.214494e+01 1.400894e+02 1.724664e+03 6.300511e+01 6.706329e+01
216 3.385763e-01 2.872156e+01 1.213013e+01 1.401608e+02 1.727673e+03 6.306662e+01 6.712164e+01
217 3.399022e-01 2.881601e+01 1.211694e+01 1.402479e+02 1.730655e+03 6.312793e+01 6.717979e+01
218 3.412258e-01 2.891016e+01 1.210501e+01 1.403415e+02 1.733503e+03 6.318904e+01 6.723773e+01
219 3.425470e-01 2.900403e+01 1.209115e+01 1.404290e+02 1.736380e+03 6.324994e+01 6.729546e+01
220 3.438659e-01 2.909760e+01 1.207502e+01 1.405145e+02 1.739360e+03 6.331064e+01 6.735299e+01
221 3.451825e-01 2.919089e+01 1.205844e+01 1.406024e+02 1.742283e+03 6.337113e+01 6.741032e+01
222 3.464967e-01 2.928388e+01 1.204119e+01 1.406941e+02 1.745314e+03 6.343142e+01 6.746744e+01
223 3.478085e-01 2.937659e+01 1.202445e+01 1.407833e+02 1.748333e+03 6.349151e+01 6.752436e+01
224 3.491180e-01 2.946901e+01 1.200847e+01 1.408669e+02 1.751414e+03 6.355140e+01 6.758108e+01
225 3.504252e-01 2.956115e+01 1.199374e+01 1.409522e+02 1.754277e+03 6.361109e+01 6.763760e+01
226 3.517301e-01 2.965300e+01 1.197889e+01 1.410394e+02 1.757278e+03 6.367057e+01 6.769391e+01
227 3.530326e-01 2.974457e+01 1.196546e+01 1.411328e+02 1.760084e+03 6.372986e+01 6.775003e+01
228 3.543328e-01 2.983586e+01 1.194576e+01 1.412194e+02 1.763087e+03 6.378895e+01 6.780594e+01
229 3.556307e-01 2.992687e+01 1.192058e+01 1.413102e+02 1.766095e+03 6.384784e+01 6.786166e+01
230 3.569263e-01 3.001759e+01 1.189617e+01 1.413848e+02 1.769148e+03 6.390653e+01 6.791718e+01
231 3.582196e-01 3.010804e+01 1.187146e+01 1.414566e+02 1.772219e+03 6.396502e+01 6.797250e+01
232 3.595105e-01 3.019821e+01 1.184676e+01 1.415256e+02 1.775274e+03 6.402331e+01 6.802762e+01
233 3.607992e-01 3.028810e+01 1.182336e+01 1.415913e+02 1.778349e+03 6.408141e+01 6.808255e+01
234 3.620856e-01 3.037772e+01 1.180167e+01 1.416537e+02 1.781288e+03 6.413932e+01 6.813728e+01
235 3.633696e-01 3.046706e+01 1.178046e+01 1.417127e+02 1.784227e+03 6.419703e+01 6.819182e+01
236 3.646514e-01 3.055613e+01 1.175873e+01 1.417784e+02 1.787141e+03 6.425454e+01 6.824616e+01
237 3.659309e-01 3.064493e+01 1.173443e+01 1.418507e+02 1.790149e+03 6.431186e+01 6.830030e+01
238 3.672081e-01 3.073345e+01 1.170889e+01 1.419219e+02 1.793191e+03 6.436898e+01 6.835426e+01
239 3.684830e-01 3.082170e+01 1.168330e+01 1.419869e+02 1.796262e+03 6.442592e+01 6.840802e+01
240 3.697556e-01 3.090969e+01 1.165748e+01 1.420527e+02 1.799496e+03 6.448266e+01 6.846159e+01
241 3.710260e-01 3.099740e+01 1.163272e+01 1.421149e+02 1.802536e+03 6.453920e+01 6.851496e+01
242 3.722941e-01 3.108485e+01 1.160896e+01 1.421754e+02 1.805655e+03 6.459556e+01 6.856815e+01
243 3.735599e-01 3.117203e+01 1.158600e+01 1.422340e+02 1.808670e+03 6.465173e+01 6.862115e+01
244 3.748235e-01 3.125894e+01 1.156392e+01 1.422888e+02 1.811656e+03 6.470770e+01 6.867395e+01
245 3.760848e-01 3.134559e+01 1.154083e+01 1.423455e+02 1.814638e+03 6.476349e+01 6.872657e+01
246 3.773439e-01 3.143198e+01 1.151438e+01 1.423977e+02 1.817830e+03 6.481909e+01 6.877900e+01
247 3.786007e-01 3.151810e+01 1.148813e+01 1.424602e+02 1.820989e+03 6.487450e+01 6.883124e+01
248 3.798553e-01 3.160396e+01 1.146214e+01 1.425202e+02 1.824156e+03 6.492972e+01 6.888330e+01
249 3.811076e-01 3.168956e+01 1.143559e+01 1.425802e+02 1.827391e+03 6.498476e+01 6.893517e+01
250 3.823577e-01 3.177490e+01 1.140967e+01 1.426399e+02 1.830540e+03 6.503960e+01 6.898685e+01
251 3.836056e-01 3.185999e+01 1.138491e+01 1.426969e+02 1.833639e+03 6.509427e+01 6.903835e+01
252 3.848512e-01 3.194481e+01 1.136423e+01 1.427576e+02 1.836507e+03 6.514874e+01 6.930196e+01
253 3.860946e-01 3.202938e+01 1.134466e+01 1.428171e+02 1.839544e+03 6.520304e+01 6.935292e+01
254 3.873358e-01 3.211369e+01 1.132341e+01 1.428777e+02 1.842669e+03 6.525715e+01 6.940370e+01
255 3.885748e-01 3.219775e+01 1.130019e+01 1.429451e+02 1.845871e+03 6.531107e+01 6.945430e+01
256 3.898115e-01 3.228155e+01 1.127639e+01 1.430114e+02 1.848884e+03 6.536481e+01 6.971622e+01
257 3.910461e-01 3.236510e+01 1.125561e+01 1.430745e+02 1.852154e+03 6.541837e+01 6.976629e+01
258 3.922784e-01 3.244840e+01 1.123542e+01 1.431482e+02 1.855419e+03 6.547175e+01 6.981617e+01
259 3.935086e-01 3.253145e+01 1.121554e+01 1.432200e+02 1.858724e+03 6.552495e+01 6.986588e+01
260 3.947366e-01 3.261425e+01 1.119644e+01 1.432870e+02 1.861932e+03 6.557796e+01 6.991540e+01
261 3.959623e-01 3.269679e+01 1.118020e+01 1.433541e+02 1.864924e+03 6.563080e+01 7.017530e+01
262 3.971859e-01 3.277910e+01 1.116561e+01 1.434201e+02 1.868055e+03 6.568345e+01 7.022430e+01
263 3.984073e-01 3.286115e+01 1.114859e+01 1.434863e+02 1.871264e+03 6.573593e+01 7.027313e+01
264 3.996265e-01 3.294296e+01 1.113031e+01 1.435501e+02 1.874570e+03 6.578823e+01 7.032178e+01
265 4.008436e-01 3.302452e+01 1.111202e+01 1.436130e+02 1.877891e+03 6.584036e+01 7.037025e+01
266 4.020585e-01 3.310584e+01 1.109309e+01 1.436716e+02 1.881306e+03 6.589230e+01 7.041855e+01
267 4.032712e-01 3.318691e+01 1.107464e+01 1.437282e+02 1.884660e+03 6.594407e+01 7.046668e+01
268 4.044818e-01 3.326775e+01 1.105603e+01 1.437823e+02 1.887971e+03 6.599566e+01 7.051463e+01
269 4.056902e-01 3.334834e+01 1.103289e+01 1.438365e+02 1.891374e+03 6.604708e+01 7.056240e+01
270 4.068965e-01 3.342869e+01 1.101009e+01 1.439002e+02 1.894717e+03 6.609833e+01 7.061001e+01
271 4.081006e-01 3.350880e+01 1.098694e+01 1.439632e+02 1.898019e+03 6.614940e+01 7.065744e+01
272 4.093025e-01 3.358867e+01 1.096226e+01 1.440229e+02 1.901341e+03 6.620029e+01 7.070471e+01
273 4.105024e-01 3.366831e+01 1.093590e+01 1.440832e+02 1.904825e+03 6.625102e+01 7.075180e+01
274 4.117001e-01 3.374771e+01 1.090901e+01 1.441411e+02 1.908382e+03 6.630157e+01 7.079872e+01
275 4.128957e-01 3.382687e+01 1.088245e+01 1.441960e+02 1.911917e+03 6.635195e+01 7.084548e+01
276 4.140891e-01 3.390579e+01 1.085602e+01 1.442501e+02 1.915509e+03 6.640216e+01 7.089206e+01
277 4.152804e-01 3.398449e+01 1.082984e+01 1.443150e+02 1.919058e+03 6.645220e+01 7.093848e+01
278 4.164697e-01 3.406295e+01 1.080427e+01 1.443791e+02 1.922577e+03 6.650207e+01 7.098473e+01
279 4.176568e-01 3.414118e+01 1.077884e+01 1.444350e+02 1.926023e+03 6.655177e+01 7.103081e+01
280 4.188418e-01 3.421917e+01 1.075348e+01 1.444858e+02 1.929386e+03 6.660130e+01 7.107673e+01
281 4.200247e-01 3.429694e+01 1.072592e+01 1.445356e+02 1.932901e+03 6.665066e+01 7.112248e+01
282 4.212055e-01 3.437448e+01 1.069761e+01 1.445894e+02 1.936494e+03 6.669986e+01 7.116807e+01
283 4.223842e-01 3.445178e+01 1.066858e+01 1.446475e+02 1.940127e+03 6.674889e+01 7.121350e+01
284 4.235608e-01 3.452887e+01 1.063911e+01 1.447051e+02 1.943795e+03 6.679775e+01 7.125876e+01
285 4.247354e-01 3.460572e+01 1.061042e+01 1.447691e+02 1.947387e+03 6.684645e+01 7.130385e+01
286 4.259078e-01 3.468235e+01 1.058260e+01 1.448313e+02 1.951227e+03 6.689499e+01 7.114241e+01
287 4.270782e-01 3.475875e+01 1.055572e+01 1.448982e+02 1.954734e+03 6.694335e+01 7.118735e+01
288 4.282466e-01 3.483493e+01 1.052885e+01 1.449700e+02 1.958226e+03 6.699156e+01 7.123213e+01
289 4.294128e-01 3.491088e+01 1.050188e+01 1.450385e+02 1.961693e+03 6.703960e+01 7.127675e+01
290 4.305770e-01 3.498662e+01 1.047290e+01 1.451027e+02 1.965211e+03 6.708748e+01 7.132121e+01
291 4.317392e-01 3.506213e+01 1.044226e+01 1.451683e+02 1.968882e+03 6.713520e+01 7.136551e+01
