# it strain shortening ε_f δT D θ θc
1 0.000000e+00 0.000000e+00 1.195905e+00 3.334189e-02 5.322622e+03 4.269307e+01 0.000000e+00
2 1.770244e-03 1.768678e-01 1.200164e+00 6.731811e-02 5.391006e+03 4.293467e+01 0.000000e+00
3 3.539646e-03 3.533389e-01 1.200716e+00 1.016376e-01 5.415651e+03 4.304834e+01 0.000000e+00
4 5.308184e-03 5.294120e-01 1.201057e+00 1.362844e-01 5.424577e+03 4.314955e+01 0.000000e+00
5 7.075837e-03 7.050863e-01 1.201189e+00 1.712421e-01 5.445980e+03 4.325323e+01 0.000000e+00
6 8.842586e-03 8.803605e-01 1.201349e+00 2.064962e-01 5.464929e+03 4.332575e+01 0.000000e+00
7 1.060841e-02 1.055234e+00 1.201439e+00 2.420314e-01 5.468085e+03 4.341505e+01 0.000000e+00
8 1.237328e-02 1.229705e+00 1.201713e+00 2.778350e-01 5.489727e+03 4.349926e+01 0.000000e+00
9 1.413719e-02 1.403773e+00 1.201540e+00 3.138846e-01 5.506822e+03 4.359608e+01 0.000000e+00
10 1.590012e-02 1.577438e+00 1.201663e+00 3.501744e-01 5.507684e+03 4.368827e+01 0.000000e+00
11 1.766203e-02 1.750697e+00 1.202007e+00 3.866922e-01 5.512219e+03 4.379156e+01 0.000000e+00
12 1.942292e-02 1.923551e+00 1.202327e+00 4.234201e-01 5.539190e+03 4.393064e+01 0.000000e+00
13 2.118276e-02 2.095998e+00 1.202234e+00 4.603329e-01 5.551208e+03 4.398443e+01 0.000000e+00
14 2.294153e-02 2.268037e+00 1.202472e+00 4.974353e-01 5.569838e+03 4.409323e+01 0.000000e+00
15 2.469921e-02 2.439668e+00 1.202337e+00 5.346958e-01 5.595069e+03 4.414501e+01 0.000000e+00
16 2.645579e-02 2.610890e+00 1.202645e+00 5.721243e-01 5.616363e+03 4.426440e+01 0.000000e+00
17 2.821124e-02 2.781702e+00 1.203092e+00 6.097006e-01 5.620147e+03 4.438449e+01 0.000000e+00
18 2.996555e-02 2.952103e+00 1.203185e+00 6.473968e-01 5.664319e+03 4.447349e+01 0.000000e+00
19 3.171869e-02 3.122092e+00 1.203322e+00 6.852132e-01 5.690084e+03 4.458236e+01 0.000000e+00
20 3.347064e-02 3.291670e+00 1.203272e+00 7.231240e-01 5.707122e+03 4.464690e+01 0.000000e+00
21 3.522139e-02 3.460834e+00 1.203701e+00 7.611069e-01 5.741440e+03 4.475000e+01 0.000000e+00
22 3.697092e-02 3.629584e+00 1.203541e+00 7.991139e-01 5.757396e+03 4.482489e+01 0.000000e+00
23 3.871921e-02 3.797920e+00 1.203235e+00 8.371186e-01 5.802200e+03 4.490616e+01 0.000000e+00
24 4.046623e-02 3.965841e+00 1.203281e+00 8.751500e-01 5.825140e+03 4.499947e+01 0.000000e+00
25 4.221198e-02 4.133346e+00 1.203650e+00 9.132708e-01 5.858145e+03 4.513855e+01 0.000000e+00
26 4.395643e-02 4.300435e+00 1.202961e+00 9.513971e-01 5.857743e+03 4.515831e+01 0.000000e+00
27 4.569957e-02 4.467107e+00 1.203130e+00 9.895381e-01 5.852215e+03 4.526500e+01 0.000000e+00
28 4.744137e-02 4.633362e+00 1.203174e+00 1.027619e+00 5.866797e+03 4.533009e+01 0.000000e+00
29 4.918182e-02 4.799198e+00 1.202910e+00 1.065605e+00 5.851037e+03 4.540532e+01 0.000000e+00
30 5.092090e-02 4.964616e+00 1.202980e+00 1.103506e+00 5.870786e+03 4.551696e+01 0.000000e+00
31 5.265859e-02 5.129615e+00 1.203102e+00 1.141300e+00 5.865275e+03 4.562863e+01 0.000000e+00
32 5.439488e-02 5.294194e+00 1.202809e+00 1.178954e+00 5.873542e+03 4.567500e+01 0.000000e+00
33 5.612975e-02 5.458354e+00 1.202737e+00 1.216485e+00 5.861945e+03 4.576461e+01 0.000000e+00
34 5.786317e-02 5.622093e+00 1.202024e+00 1.253821e+00 5.889929e+03 4.579413e+01 0.000000e+00
35 5.959514e-02 5.785411e+00 1.201719e+00 1.291015e+00 5.943820e+03 4.588876e+01 0.000000e+00
36 6.132563e-02 5.948307e+00 1.201305e+00 1.328014e+00 5.950439e+03 4.593344e+01 0.000000e+00
37 6.305464e-02 6.110782e+00 1.201271e+00 1.364841e+00 5.987168e+03 4.606745e+01 0.000000e+00
38 6.478213e-02 6.272835e+00 1.200882e+00 1.401424e+00 6.041670e+03 4.611175e+01 0.000000e+00
39 6.650810e-02 6.434466e+00 1.201223e+00 1.437831e+00 6.050757e+03 4.621672e+01 0.000000e+00
40 6.823253e-02 6.595674e+00 1.201359e+00 1.473945e+00 6.098884e+03 4.632081e+01 0.000000e+00
41 6.995540e-02 6.756459e+00 1.201655e+00 1.509750e+00 6.162479e+03 4.644990e+01 0.000000e+00
42 7.167669e-02 6.916821e+00 1.201384e+00 1.545170e+00 6.187490e+03 4.653297e+01 0.000000e+00
43 7.339640e-02 7.076759e+00 1.200834e+00 1.580217e+00 6.250257e+03 4.662039e+01 0.000000e+00
44 7.511450e-02 7.236274e+00 1.200519e+00 1.614917e+00 6.266206e+03 4.668311e+01 0.000000e+00
45 7.683098e-02 7.395364e+00 1.200089e+00 1.649245e+00 6.320324e+03 4.671988e+01 0.000000e+00
46 7.854582e-02 7.554030e+00 1.199876e+00 1.683269e+00 6.338534e+03 4.680894e+01 0.000000e+00
47 8.025901e-02 7.712272e+00 1.199373e+00 1.716917e+00 6.396969e+03 4.688406e+01 0.000000e+00
48 8.197054e-02 7.870090e+00 1.199114e+00 1.750226e+00 6.411642e+03 4.693792e+01 0.000000e+00
49 8.368038e-02 8.027482e+00 1.198526e+00 1.783137e+00 6.478923e+03 4.702169e+01 0.000000e+00
50 8.538852e-02 8.184450e+00 1.198351e+00 1.815705e+00 6.513676e+03 4.710700e+01 0.000000e+00
51 8.709494e-02 8.340993e+00 1.197922e+00 1.847855e+00 6.518752e+03 4.712722e+01 0.000000e+00
52 8.879964e-02 8.497111e+00 1.197712e+00 1.879597e+00 6.559768e+03 4.722986e+01 0.000000e+00
53 9.050260e-02 8.652804e+00 1.197617e+00 1.910886e+00 6.534399e+03 4.732984e+01 0.000000e+00
54 9.220380e-02 8.808072e+00 1.197156e+00 1.941655e+00 6.545108e+03 4.738318e+01 0.000000e+00
55 9.390323e-02 8.962915e+00 1.196895e+00 1.971950e+00 6.511658e+03 4.748348e+01 0.000000e+00
56 9.560088e-02 9.117332e+00 1.196436e+00 2.001693e+00 6.520123e+03 4.752965e+01 0.000000e+00
57 9.729672e-02 9.271325e+00 1.195382e+00 2.030836e+00 6.542879e+03 4.754423e+01 0.000000e+00
58 9.899076e-02 9.424892e+00 1.194889e+00 2.059525e+00 6.552378e+03 4.760877e+01 0.000000e+00
59 1.006830e-01 9.578034e+00 1.194285e+00 2.087721e+00 6.556135e+03 4.768545e+01 0.000000e+00
60 1.023733e-01 9.730752e+00 1.193865e+00 2.115472e+00 6.573131e+03 4.775648e+01 0.000000e+00
61 1.040618e-01 9.883044e+00 1.193629e+00 2.142762e+00 6.623149e+03 4.783692e+01 0.000000e+00
62 1.057485e-01 1.003491e+01 1.193236e+00 2.169525e+00 6.653000e+03 4.790355e+01 0.000000e+00
63 1.074333e-01 1.018635e+01 1.192528e+00 2.195724e+00 6.630533e+03 4.794212e+01 0.000000e+00
64 1.091161e-01 1.033737e+01 1.191865e+00 2.221424e+00 6.618692e+03 4.798806e+01 0.000000e+00
65 1.107971e-01 1.048797e+01 1.191328e+00 2.246642e+00 6.637402e+03 4.807669e+01 0.000000e+00
66 1.124762e-01 1.063814e+01 1.190098e+00 2.271255e+00 6.647759e+03 4.810121e+01 0.000000e+00
67 1.141533e-01 1.078788e+01 1.188862e+00 2.295356e+00 6.648983e+03 4.812922e+01 0.000000e+00
68 1.158285e-01 1.093720e+01 1.188169e+00 2.319053e+00 6.620750e+03 4.813884e+01 0.000000e+00
69 1.175017e-01 1.108610e+01 1.187743e+00 2.342318e+00 6.646929e+03 4.822183e+01 0.000000e+00
70 1.191730e-01 1.123458e+01 1.187578e+00 2.365140e+00 6.619291e+03 4.831569e+01 0.000000e+00
71 1.208423e-01 1.138263e+01 1.186686e+00 2.387371e+00 6.676674e+03 4.837442e+01 0.000000e+00
72 1.225096e-01 1.153026e+01 1.185850e+00 2.409120e+00 6.638710e+03 4.842045e+01 0.000000e+00
73 1.241749e-01 1.167746e+01 1.184944e+00 2.430379e+00 6.689555e+03 4.847618e+01 0.000000e+00
74 1.258382e-01 1.182425e+01 1.184052e+00 2.451149e+00 6.729778e+03 4.848880e+01 0.000000e+00
75 1.274994e-01 1.197061e+01 1.182511e+00 2.471330e+00 6.751918e+03 4.846797e+01 0.000000e+00
76 1.291587e-01 1.211655e+01 1.181891e+00 2.491190e+00 6.748641e+03 4.853968e+01 0.000000e+00
77 1.308158e-01 1.226207e+01 1.181051e+00 2.510533e+00 6.799990e+03 4.858073e+01 0.000000e+00
78 1.324710e-01 1.240716e+01 1.180084e+00 2.529374e+00 6.822364e+03 4.860740e+01 0.000000e+00
79 1.341240e-01 1.255184e+01 1.178765e+00 2.547692e+00 6.793185e+03 4.862389e+01 0.000000e+00
80 1.357750e-01 1.269610e+01 1.177721e+00 2.565578e+00 6.721258e+03 4.864335e+01 0.000000e+00
81 1.374239e-01 1.283994e+01 1.175897e+00 2.582848e+00 6.823740e+03 4.861090e+01 0.000000e+00
82 1.390707e-01 1.298335e+01 1.174796e+00 2.599703e+00 6.835012e+03 4.863759e+01 0.000000e+00
83 1.407154e-01 1.312635e+01 1.173486e+00 2.616001e+00 6.898146e+03 4.864710e+01 0.000000e+00
84 1.423580e-01 1.326893e+01 1.172407e+00 2.631802e+00 6.892301e+03 4.868204e+01 0.000000e+00
85 1.439985e-01 1.341110e+01 1.170996e+00 2.647016e+00 6.904689e+03 4.867103e+01 0.000000e+00
86 1.456368e-01 1.355284e+01 1.169948e+00 2.661817e+00 6.795541e+03 4.869208e+01 0.000000e+00
87 1.472730e-01 1.369417e+01 1.166788e+00 2.675875e+00 6.561559e+03 4.854426e+01 0.000000e+00
88 1.489070e-01 1.383508e+01 1.165812e+00 2.689853e+00 6.579942e+03 4.858396e+01 0.000000e+00
89 1.505389e-01 1.397557e+01 1.164434e+00 2.703356e+00 6.540559e+03 4.859264e+01 0.000000e+00
90 1.521686e-01 1.411565e+01 1.162403e+00 2.716341e+00 6.533928e+03 4.850537e+01 0.000000e+00
91 1.537961e-01 1.425532e+01 1.160743e+00 2.728975e+00 6.464819e+03 4.848525e+01 0.000000e+00
92 1.554215e-01 1.439457e+01 1.158451e+00 2.741110e+00 6.242043e+03 4.837299e+01 0.000000e+00
93 1.570446e-01 1.453341e+01 1.156450e+00 2.752918e+00 6.197729e+03 4.827933e+01 0.000000e+00
94 1.586655e-01 1.467183e+01 1.153404e+00 2.764176e+00 6.138154e+03 4.804848e+01 0.000000e+00
95 1.602843e-01 1.480984e+01 1.151390e+00 2.775229e+00 6.110900e+03 4.795065e+01 0.000000e+00
96 1.619007e-01 1.494744e+01 1.148740e+00 2.785847e+00 6.103581e+03 4.784424e+01 0.000000e+00
97 1.635150e-01 1.508463e+01 1.145371e+00 2.795936e+00 5.956094e+03 4.746942e+01 0.000000e+00
98 1.651271e-01 1.522140e+01 1.141450e+00 2.805608e+00 5.773178e+03 4.690226e+01 0.000000e+00
99 1.667369e-01 1.535777e+01 1.135805e+00 2.814832e+00 5.354541e+03 4.623633e+01 0.000000e+00
100 1.683444e-01 1.549373e+01 1.130111e+00 2.823880e+00 5.197526e+03 4.567968e+01 0.000000e+00
101 1.699497e-01 1.562927e+01 1.118344e+00 2.832385e+00 4.921382e+03 4.476381e+01 0.000000e+00
102 1.715527e-01 1.576441e+01 1.105363e+00 2.840640e+00 4.740318e+03 4.386094e+01 0.000000e+00
103 1.731535e-01 1.589914e+01 1.091702e+00 2.848634e+00 4.631113e+03 4.296101e+01 0.000000e+00
104 1.747519e-01 1.603347e+01 1.073146e+00 2.856212e+00 4.573533e+03 4.175806e+01 0.000000e+00
105 1.763481e-01 1.616739e+01 1.051425e+00 2.863476e+00 4.635177e+03 4.031387e+01 0.000000e+00
106 1.779420e-01 1.630090e+01 1.028818e+00 2.870441e+00 4.839006e+03 3.852097e+01 0.000000e+00
107 1.795336e-01 1.643401e+01 1.005543e+00 2.876989e+00 5.151549e+03 3.611877e+01 0.000000e+00
108 1.811229e-01 1.656672e+01 9.836443e-01 2.882863e+00 4.741372e+03 3.242780e+01 0.000000e+00
109 1.827099e-01 1.669902e+01 9.752678e-01 2.888766e+00 3.919536e+03 2.988116e+01 0.000000e+00
110 1.842946e-01 1.683092e+01 9.711645e-01 2.894546e+00 2.925263e+03 2.791907e+01 0.000000e+00
111 1.858769e-01 1.696242e+01 9.716570e-01 2.900344e+00 1.360636e+04 2.593680e+01 0.000000e+00
112 1.874569e-01 1.709352e+01 9.726568e-01 2.905795e+00 1.523666e+04 2.461965e+01 0.000000e+00
113 1.890346e-01 1.722421e+01 9.736210e-01 2.910926e+00 1.721756e+04 2.321500e+01 0.000000e+00
114 1.906100e-01 1.735451e+01 9.744738e-01 2.915735e+00 2.062767e+04 2.182439e+01 0.000000e+00
115 1.921830e-01 1.748441e+01 9.752807e-01 2.920292e+00 2.412141e+04 2.054716e+01 0.000000e+00
116 1.937536e-01 1.761392e+01 9.758279e-01 2.924589e+00 2.426717e+04 1.962334e+01 0.000000e+00
117 1.953219e-01 1.774302e+01 9.766253e-01 2.928654e+00 2.972496e+04 1.815281e+01 0.000000e+00
118 1.968879e-01 1.787173e+01 9.770150e-01 2.932464e+00 3.031059e+04 1.745879e+01 0.000000e+00
119 1.984515e-01 1.800004e+01 9.775578e-01 2.936048e+00 3.764056e+04 1.644344e+01 0.000000e+00
120 2.000127e-01 1.812796e+01 9.781011e-01 2.939398e+00 3.543049e+04 1.537393e+01 0.000000e+00
121 2.015715e-01 1.825549e+01 9.784711e-01 2.942511e+00 3.858461e+04 1.458594e+01 0.000000e+00
122 2.031280e-01 1.838262e+01 9.790135e-01 2.945400e+00 4.666155e+04 1.356818e+01 0.000000e+00
123 2.046821e-01 1.850937e+01 9.791786e-01 2.948049e+00 4.917344e+04 1.318346e+01 0.000000e+00
124 2.062338e-01 1.863572e+01 9.796255e-01 2.950483e+00 5.956593e+04 1.219262e+01 0.000000e+00
125 2.077831e-01 1.876168e+01 9.801543e-01 2.952697e+00 7.290070e+04 1.108952e+01 0.000000e+00
126 2.093301e-01 1.888725e+01 9.803185e-01 2.954681e+00 6.845705e+04 1.074658e+01 0.000000e+00
127 2.108746e-01 1.901244e+01 9.805340e-01 2.956452e+00 6.393050e+04 1.037692e+01 0.000000e+00
128 2.124167e-01 1.913723e+01 9.811123e-01 2.958020e+00 1.310910e+05 9.078562e+00 0.000000e+00
129 2.139564e-01 1.926165e+01 9.813190e-01 2.959367e+00 1.438387e+05 8.569212e+00 0.000000e+00
130 2.154938e-01 1.938567e+01 9.815332e-01 2.960509e+00 1.476787e+05 8.084886e+00 0.000000e+00
131 2.170287e-01 1.950931e+01 9.817708e-01 2.961448e+00 1.474049e+05 7.627761e+00 0.000000e+00
132 2.185612e-01 1.963257e+01 9.823000e-01 2.962195e+00 1.317674e+05 6.541681e+00 0.000000e+00
133 2.200913e-01 1.975544e+01 9.825390e-01 2.962738e+00 1.328960e+05 5.899837e+00 0.000000e+00
134 2.216189e-01 1.987794e+01 9.827269e-01 2.963089e+00 1.327902e+05 5.437810e+00 0.000000e+00
135 2.231442e-01 2.000005e+01 9.828870e-01 2.963250e+00 1.314910e+05 5.103430e+00 0.000000e+00
136 2.246670e-01 2.012178e+01 9.832007e-01 2.963229e+00 1.211874e+05 4.521658e+00 0.000000e+00
137 2.261874e-01 2.024314e+01 9.835958e-01 2.963028e+00 1.241395e+05 3.758196e+00 0.000000e+00
138 2.277053e-01 2.036411e+01 9.838045e-01 2.962642e+00 1.310588e+05 3.114778e+00 0.000000e+00
139 2.292209e-01 2.048471e+01 9.839951e-01 2.962080e+00 1.377077e+05 2.668502e+00 0.000000e+00
140 2.307340e-01 2.060493e+01 9.841532e-01 2.961344e+00 1.410609e+05 2.346460e+00 0.000000e+00
141 2.322446e-01 2.072478e+01 9.843591e-01 2.960439e+00 1.389787e+05 1.878811e+00 0.000000e+00
142 2.337529e-01 2.084426e+01 9.847783e-01 2.959369e+00 1.297670e+05 1.047077e+00 0.000000e+00
143 2.352586e-01 2.096336e+01 9.849419e-01 2.958128e+00 1.304018e+05 6.667635e-01 0.000000e+00
144 2.367620e-01 2.108209e+01 9.851137e-01 2.956723e+00 1.321358e+05 1.988142e-01 0.000000e+00
145 2.382629e-01 2.120045e+01 9.852615e-01 2.955157e+00 1.329950e+05 -1.421281e-01 0.000000e+00
146 2.397613e-01 2.131844e+01 9.854678e-01 2.953437e+00 1.329462e+05 -5.523191e-01 0.000000e+00
147 2.412573e-01 2.143606e+01 9.856666e-01 2.951566e+00 1.312569e+05 -9.010281e-01 0.000000e+00
148 2.427509e-01 2.155331e+01 9.860265e-01 2.949549e+00 1.215082e+05 -1.633846e+00 0.000000e+00
149 2.442420e-01 2.167020e+01 9.862326e-01 2.947383e+00 1.164950e+05 -2.179525e+00 0.000000e+00
150 2.457307e-01 2.178672e+01 9.863935e-01 2.945071e+00 1.199785e+05 -2.599928e+00 0.000000e+00
151 2.472169e-01 2.190287e+01 9.865778e-01 2.942618e+00 1.244956e+05 -2.949706e+00 0.000000e+00
152 2.487006e-01 2.201866e+01 9.867835e-01 2.956905e+00 1.199295e+05 -3.449522e+00 0.000000e+00
153 2.501819e-01 2.213409e+01 9.866586e-01 2.973992e+00 1.220762e+05 -3.087354e+00 0.000000e+00
154 2.516608e-01 2.224916e+01 9.868742e-01 2.990840e+00 1.128089e+05 -3.462996e+00 0.000000e+00
155 2.531372e-01 2.236386e+01 9.871955e-01 3.007444e+00 9.618131e+04 -4.052388e+00 0.000000e+00
156 2.546111e-01 2.247821e+01 9.874067e-01 3.023805e+00 7.357549e+04 -4.731698e+00 0.000000e+00
157 2.560826e-01 2.259220e+01 9.875209e-01 3.039922e+00 6.849744e+04 -5.011533e+00 0.000000e+00
158 2.575516e-01 2.270583e+01 9.876659e-01 3.055797e+00 6.477404e+04 -5.231875e+00 0.000000e+00
159 2.590182e-01 2.281910e+01 9.877767e-01 3.071434e+00 6.295890e+04 -5.421048e+00 0.000000e+00
160 2.604823e-01 2.293202e+01 9.879507e-01 3.086836e+00 6.020772e+04 -5.760310e+00 0.000000e+00
161 2.619440e-01 2.304459e+01 9.881110e-01 3.102010e+00 5.847693e+04 -6.067991e+00 0.000000e+00
162 2.634032e-01 2.315680e+01 9.883455e-01 3.116962e+00 6.326415e+04 -6.629958e+00 0.000000e+00
163 2.648599e-01 2.326866e+01 9.886535e-01 3.131694e+00 8.633797e+04 -7.372256e+00 0.000000e+00
164 2.663142e-01 2.338016e+01 9.888425e-01 3.146203e+00 9.431575e+04 -7.775162e+00 0.000000e+00
165 2.677660e-01 2.349132e+01 9.889589e-01 3.160493e+00 9.334344e+04 -8.035298e+00 0.000000e+00
166 2.692154e-01 2.360213e+01 9.890884e-01 3.174569e+00 9.051401e+04 -8.231434e+00 0.000000e+00
167 2.706623e-01 2.371259e+01 9.892727e-01 3.188434e+00 8.451930e+04 -8.554596e+00 0.000000e+00
168 2.721067e-01 2.382270e+01 9.894729e-01 3.202089e+00 7.624616e+04 -8.876058e+00 0.000000e+00
169 2.735487e-01 2.393247e+01 9.896637e-01 3.215535e+00 6.187518e+04 -9.345979e+00 0.000000e+00
170 2.749883e-01 2.404190e+01 9.899240e-01 3.228777e+00 4.867065e+04 -9.971295e+00 0.000000e+00
171 2.764253e-01 2.415098e+01 9.900862e-01 3.241813e+00 4.548278e+04 -1.030688e+01 0.000000e+00
172 2.778600e-01 2.425971e+01 9.902916e-01 3.254649e+00 4.372895e+04 -1.084273e+01 0.000000e+00
173 2.792922e-01 2.436811e+01 9.904168e-01 3.267285e+00 4.325274e+04 -1.102973e+01 0.000000e+00
174 2.807219e-01 2.447616e+01 9.905471e-01 3.279725e+00 4.284816e+04 -1.126950e+01 0.000000e+00
175 2.821492e-01 2.458388e+01 9.907554e-01 3.291971e+00 4.182172e+04 -1.160202e+01 0.000000e+00
176 2.835740e-01 2.469126e+01 9.908800e-01 3.304023e+00 4.143780e+04 -1.182291e+01 0.000000e+00
177 2.849963e-01 2.479830e+01 9.911104e-01 3.315885e+00 4.012482e+04 -1.245618e+01 0.000000e+00
178 2.864163e-01 2.490500e+01 9.912750e-01 3.327559e+00 3.888567e+04 -1.280709e+01 0.000000e+00
179 2.878337e-01 2.501137e+01 9.914347e-01 3.339045e+00 3.739025e+04 -1.320618e+01 0.000000e+00
180 2.892488e-01 2.511741e+01 9.916610e-01 3.350349e+00 3.592568e+04 -1.362857e+01 0.000000e+00
181 2.906614e-01 2.522311e+01 9.918724e-01 3.361470e+00 3.548409e+04 -1.401227e+01 0.000000e+00
182 2.920715e-01 2.532849e+01 9.920119e-01 3.372409e+00 3.541909e+04 -1.428248e+01 0.000000e+00
183 2.934792e-01 2.543353e+01 9.920911e-01 3.383170e+00 3.494833e+04 -1.442002e+01 0.000000e+00
184 2.948845e-01 2.553824e+01 9.922643e-01 3.393756e+00 3.522339e+04 -1.482268e+01 0.000000e+00
185 2.962873e-01 2.564262e+01 9.924142e-01 3.404169e+00 3.525439e+04 -1.527419e+01 0.000000e+00
186 2.976877e-01 2.574668e+01 9.925632e-01 3.414416e+00 3.505556e+04 -1.558507e+01 0.000000e+00
187 2.990856e-01 2.585041e+01 9.926959e-01 3.424499e+00 3.475527e+04 -1.581941e+01 0.000000e+00
188 3.004811e-01 2.595381e+01 9.928794e-01 3.434421e+00 3.416550e+04 -1.612998e+01 0.000000e+00
189 3.018742e-01 2.605689e+01 9.930635e-01 3.444180e+00 3.348285e+04 -1.649272e+01 0.000000e+00
190 3.032648e-01 2.615965e+01 9.932275e-01 3.453780e+00 3.302909e+04 -1.680362e+01 0.000000e+00
191 3.046531e-01 2.626208e+01 9.933649e-01 3.463220e+00 3.255969e+04 -1.706620e+01 0.000000e+00
192 3.060389e-01 2.636420e+01 9.935610e-01 3.472505e+00 3.171171e+04 -1.760727e+01 0.000000e+00
193 3.074222e-01 2.646599e+01 9.937569e-01 3.481632e+00 3.119212e+04 -1.803728e+01 0.000000e+00
194 3.088032e-01 2.656747e+01 9.938570e-01 3.490600e+00 3.123050e+04 -1.828383e+01 0.000000e+00
195 3.101817e-01 2.666863e+01 9.940202e-01 3.499414e+00 3.086578e+04 -1.863461e+01 0.000000e+00
196 3.115578e-01 2.676947e+01 9.941709e-01 3.508075e+00 3.053040e+04 -1.892006e+01 0.000000e+00
197 3.129315e-01 2.687000e+01 9.943226e-01 3.516585e+00 3.016521e+04 -1.922967e+01 0.000000e+00
198 3.143028e-01 2.697021e+01 9.945005e-01 3.524946e+00 2.959327e+04 -1.961533e+01 0.000000e+00
199 3.156717e-01 2.707011e+01 9.947104e-01 3.533161e+00 2.902129e+04 -2.010774e+01 0.000000e+00
200 3.170381e-01 2.716970e+01 9.948867e-01 3.541230e+00 2.871825e+04 -2.057634e+01 0.000000e+00
201 3.184022e-01 2.726898e+01 9.949786e-01 3.549155e+00 2.824562e+04 -2.082028e+01 0.000000e+00
202 3.197639e-01 2.736795e+01 9.951218e-01 3.556938e+00 2.804433e+04 -2.114575e+01 0.000000e+00
203 3.211231e-01 2.746660e+01 9.952703e-01 3.564582e+00 2.825180e+04 -2.142989e+01 0.000000e+00
204 3.224800e-01 2.756496e+01 9.953895e-01 3.572088e+00 2.822499e+04 -2.168212e+01 0.000000e+00
205 3.238344e-01 2.766300e+01 9.955252e-01 3.579459e+00 2.863144e+04 -2.192223e+01 0.000000e+00
206 3.251865e-01 2.776074e+01 9.956224e-01 3.586695e+00 2.832880e+04 -2.214659e+01 0.000000e+00
207 3.265362e-01 2.785817e+01 9.958865e-01 3.593801e+00 2.997566e+04 -2.292312e+01 0.000000e+00
208 3.278835e-01 2.795530e+01 9.960105e-01 3.600774e+00 2.979444e+04 -2.329054e+01 0.000000e+00
209 3.292284e-01 2.805213e+01 9.961205e-01 3.607617e+00 2.966860e+04 -2.350705e+01 0.000000e+00
210 3.305709e-01 2.814866e+01 9.962951e-01 3.614334e+00 2.888203e+04 -2.392390e+01 0.000000e+00
211 3.319111e-01 2.824489e+01 9.964211e-01 3.620923e+00 2.841411e+04 -2.422085e+01 0.000000e+00
212 3.332488e-01 2.834081e+01 9.965439e-01 3.627392e+00 2.790110e+04 -2.446712e+01 0.000000e+00
213 3.345842e-01 2.843644e+01 9.966704e-01 3.633743e+00 2.746065e+04 -2.474637e+01 0.000000e+00
214 3.359173e-01 2.853178e+01 9.967947e-01 3.639981e+00 2.692852e+04 -2.520978e+01 0.000000e+00
215 3.372479e-01 2.862681e+01 9.969362e-01 3.646108e+00 2.624221e+04 -2.561024e+01 0.000000e+00
216 3.385763e-01 2.872156e+01 9.970484e-01 3.652124e+00 2.600252e+04 -2.584335e+01 0.000000e+00
217 3.399022e-01 2.881601e+01 9.971888e-01 3.658031e+00 2.535246e+04 -2.615863e+01 0.000000e+00
218 3.412258e-01 2.891016e+01 9.972902e-01 3.663828e+00 2.522517e+04 -2.635578e+01 0.000000e+00
219 3.425470e-01 2.900403e+01 9.974048e-01 3.669519e+00 2.496320e+04 -2.665363e+01 0.000000e+00
220 3.438659e-01 2.909760e+01 9.975347e-01 3.675104e+00 2.454992e+04 -2.693090e+01 0.000000e+00
221 3.451825e-01 2.919089e+01 9.976657e-01 3.680584e+00 2.418825e+04 -2.744825e+01 0.000000e+00
222 3.464967e-01 2.928388e+01 9.977933e-01 3.685962e+00 2.408752e+04 -2.780994e+01 0.000000e+00
223 3.478085e-01 2.937659e+01 9.978916e-01 3.691239e+00 2.407460e+04 -2.802183e+01 0.000000e+00
224 3.491180e-01 2.946901e+01 9.980065e-01 3.696415e+00 2.422556e+04 -2.838347e+01 0.000000e+00
225 3.504252e-01 2.956115e+01 9.981311e-01 3.701494e+00 2.462752e+04 -2.875086e+01 0.000000e+00
226 3.517301e-01 2.965300e+01 9.982201e-01 3.706474e+00 2.464866e+04 -2.897973e+01 0.000000e+00
227 3.530326e-01 2.974457e+01 9.983595e-01 3.711361e+00 2.527935e+04 -2.936082e+01 0.000000e+00
228 3.543328e-01 2.983586e+01 9.984687e-01 3.716152e+00 2.545770e+04 -2.974649e+01 0.000000e+00
229 3.556307e-01 2.992687e+01 9.985831e-01 3.720850e+00 2.571875e+04 -3.013379e+01 0.000000e+00
230 3.569263e-01 3.001759e+01 9.987016e-01 3.725457e+00 2.603012e+04 -3.043126e+01 0.000000e+00
231 3.582196e-01 3.010804e+01 9.988185e-01 3.729974e+00 2.629473e+04 -3.075793e+01 0.000000e+00
232 3.595105e-01 3.019821e+01 9.989274e-01 3.734402e+00 2.656903e+04 -3.100300e+01 0.000000e+00
233 3.607992e-01 3.028810e+01 9.989976e-01 3.738741e+00 2.625552e+04 -3.123898e+01 0.000000e+00
234 3.620856e-01 3.037772e+01 9.991128e-01 3.742994e+00 2.635252e+04 -3.169159e+01 0.000000e+00
235 3.633696e-01 3.046706e+01 9.992089e-01 3.747162e+00 2.632933e+04 -3.207217e+01 0.000000e+00
236 3.646514e-01 3.055613e+01 9.993091e-01 3.751246e+00 2.636664e+04 -3.238957e+01 0.000000e+00
237 3.659309e-01 3.064493e+01 9.994054e-01 3.755247e+00 2.621767e+04 -3.272396e+01 0.000000e+00
238 3.672081e-01 3.073345e+01 9.994784e-01 3.759167e+00 2.622029e+04 -3.286542e+01 0.000000e+00
239 3.684830e-01 3.082170e+01 9.995547e-01 3.763008e+00 2.618914e+04 -3.304586e+01 0.000000e+00
240 3.697556e-01 3.090969e+01 9.996617e-01 3.766770e+00 2.600367e+04 -3.350284e+01 0.000000e+00
241 3.710260e-01 3.099740e+01 9.997712e-01 3.770456e+00 2.563350e+04 -3.398820e+01 0.000000e+00
242 3.722941e-01 3.108485e+01 9.998240e-01 3.774064e+00 2.572485e+04 -3.419590e+01 0.000000e+00
243 3.735599e-01 3.117203e+01 9.999066e-01 3.777598e+00 2.577047e+04 -3.443907e+01 0.000000e+00
244 3.748235e-01 3.125894e+01 9.999908e-01 3.781058e+00 2.596655e+04 -3.470908e+01 0.000000e+00
245 3.760848e-01 3.134559e+01 1.000062e+00 3.784445e+00 2.606597e+04 -3.490939e+01 0.000000e+00
246 3.773439e-01 3.143198e+01 1.000141e+00 3.787759e+00 2.647442e+04 -3.522807e+01 0.000000e+00
247 3.786007e-01 3.151810e+01 1.000222e+00 3.791545e+00 2.731864e+04 -3.565565e+01 0.000000e+00
248 3.798553e-01 3.160396e+01 1.000311e+00 3.795436e+00 2.881970e+04 -3.593875e+01 0.000000e+00
249 3.811076e-01 3.168956e+01 1.000381e+00 3.799257e+00 2.957537e+04 -3.621795e+01 0.000000e+00
250 3.823577e-01 3.177490e+01 1.000458e+00 3.803009e+00 3.057427e+04 -3.642673e+01 0.000000e+00
251 3.836056e-01 3.185999e+01 1.000512e+00 3.806691e+00 3.095376e+04 -3.668863e+01 0.000000e+00
