# it strain shortening ε_f δT D θ θc
1 0.000000e+00 0.000000e+00 1.446265e+00 5.684342e-14 6.190825e+03 4.500000e+01 4.486427e+01
2 1.770244e-03 1.768678e-01 1.495372e+00 1.884553e+00 6.017884e+03 4.510143e+01 4.496570e+01
3 3.539646e-03 3.533389e-01 1.543336e+00 3.542810e+00 5.779988e+03 4.520281e+01 4.506708e+01
4 5.308184e-03 5.294120e-01 1.593470e+00 5.084018e+00 5.549439e+03 4.530413e+01 4.516841e+01
5 7.075837e-03 7.050863e-01 1.645986e+00 6.715602e+00 5.329644e+03 4.540540e+01 4.554112e+01
6 8.842586e-03 8.803605e-01 1.701090e+00 8.317430e+00 5.120794e+03 4.550662e+01 4.564233e+01
7 1.060841e-02 1.055234e+00 1.759003e+00 9.890835e+00 4.922586e+03 4.560777e+01 4.574348e+01
8 1.237328e-02 1.229705e+00 1.819952e+00 1.143704e+01 4.734741e+03 4.570886e+01 4.584457e+01
9 1.413719e-02 1.403773e+00 1.884181e+00 1.300476e+01 4.556909e+03 4.580989e+01 4.594559e+01
10 1.590012e-02 1.577438e+00 1.951957e+00 1.455873e+01 4.388476e+03 4.591086e+01 4.604655e+01
11 1.766203e-02 1.750697e+00 2.023557e+00 1.610057e+01 4.228776e+03 4.601175e+01 4.614743e+01
12 1.942292e-02 1.923551e+00 2.099326e+00 1.763262e+01 4.076755e+03 4.611257e+01 4.624825e+01
13 2.118276e-02 2.095998e+00 2.179434e+00 1.915748e+01 3.933081e+03 4.621332e+01 4.634898e+01
14 2.294153e-02 2.268037e+00 2.263993e+00 2.068302e+01 3.798424e+03 4.631399e+01 4.644965e+01
15 2.469921e-02 2.439668e+00 2.353365e+00 2.223844e+01 3.675792e+03 4.641459e+01 4.682151e+01
16 2.645579e-02 2.610890e+00 2.448053e+00 2.379296e+01 3.554702e+03 4.651510e+01 4.692198e+01
17 2.821124e-02 2.781702e+00 2.548328e+00 2.534783e+01 3.439171e+03 4.661553e+01 4.702238e+01
18 2.996555e-02 2.952103e+00 2.654536e+00 2.690693e+01 3.328916e+03 4.671587e+01 4.712268e+01
19 3.171869e-02 3.122092e+00 2.767122e+00 2.847414e+01 3.223362e+03 4.681613e+01 4.722289e+01
20 3.347064e-02 3.291670e+00 2.886461e+00 3.004950e+01 3.121916e+03 4.691630e+01 4.732301e+01
21 3.522139e-02 3.460834e+00 3.012768e+00 3.163389e+01 3.025091e+03 4.701637e+01 4.742304e+01
22 3.697092e-02 3.629584e+00 3.146338e+00 3.324491e+01 2.933063e+03 4.711635e+01 4.779402e+01
23 3.871921e-02 3.797920e+00 3.287613e+00 3.488510e+01 2.844181e+03 4.721623e+01 4.789382e+01
24 4.046623e-02 3.965841e+00 3.437308e+00 3.653536e+01 2.758510e+03 4.731602e+01 4.799351e+01
25 4.221198e-02 4.133346e+00 3.596070e+00 3.819605e+01 2.675591e+03 4.741570e+01 4.809309e+01
26 4.395643e-02 4.300435e+00 3.764560e+00 3.986660e+01 2.594581e+03 4.751528e+01 4.846344e+01
27 4.569957e-02 4.467107e+00 3.943037e+00 4.154701e+01 2.516619e+03 4.761475e+01 4.856277e+01
28 4.744137e-02 4.633362e+00 4.131669e+00 4.328470e+01 2.441267e+03 4.771412e+01 4.866198e+01
29 4.918182e-02 4.799198e+00 4.330618e+00 4.505002e+01 2.367909e+03 4.781338e+01 4.903178e+01
30 5.092090e-02 4.964616e+00 4.541661e+00 4.682635e+01 2.297552e+03 4.791252e+01 4.913072e+01
31 5.265859e-02 5.129615e+00 4.765128e+00 4.861737e+01 2.229277e+03 4.801155e+01 4.922953e+01
32 5.439488e-02 5.294194e+00 5.001601e+00 5.041880e+01 2.161986e+03 4.811047e+01 4.959872e+01
33 5.612975e-02 5.458354e+00 5.251264e+00 5.223184e+01 2.098105e+03 4.820926e+01 4.969723e+01
34 5.786317e-02 5.622093e+00 5.513540e+00 5.411658e+01 2.036534e+03 4.830794e+01 4.979561e+01
35 5.959514e-02 5.785411e+00 5.790267e+00 5.601174e+01 1.976205e+03 4.840649e+01 5.016414e+01
36 6.132563e-02 5.948307e+00 6.081596e+00 5.791270e+01 1.919011e+03 4.850492e+01 5.026220e+01
37 6.305464e-02 6.110782e+00 6.386099e+00 5.981690e+01 1.864133e+03 4.860323e+01 5.036013e+01
38 6.478213e-02 6.272835e+00 6.703070e+00 6.172089e+01 1.811442e+03 4.870140e+01 5.045792e+01
39 6.650810e-02 6.434466e+00 7.032773e+00 6.365717e+01 1.760951e+03 4.879945e+01 5.055557e+01
40 6.823253e-02 6.595674e+00 7.374096e+00 6.561239e+01 1.712857e+03 4.889736e+01 5.065308e+01
41 6.995540e-02 6.756459e+00 7.726939e+00 6.755730e+01 1.666993e+03 4.899514e+01 5.075044e+01
42 7.167669e-02 6.916821e+00 8.089352e+00 6.948750e+01 1.623376e+03 4.909278e+01 5.084766e+01
43 7.339640e-02 7.076759e+00 8.459294e+00 7.139790e+01 1.582194e+03 4.919028e+01 5.094473e+01
44 7.511450e-02 7.236274e+00 8.835370e+00 7.331944e+01 1.543381e+03 4.928765e+01 5.104165e+01
45 7.683098e-02 7.395364e+00 9.214600e+00 7.525143e+01 1.506949e+03 4.938487e+01 5.113842e+01
46 7.854582e-02 7.554030e+00 9.593964e+00 7.715041e+01 1.472882e+03 4.948195e+01 5.123503e+01
47 8.025901e-02 7.712272e+00 9.975933e+00 7.901001e+01 1.440603e+03 4.957888e+01 5.160092e+01
48 8.197054e-02 7.870090e+00 1.035579e+01 8.082414e+01 1.411178e+03 4.967567e+01 5.169715e+01
49 8.368038e-02 8.027482e+00 1.072903e+01 8.261061e+01 1.383860e+03 4.977231e+01 5.179322e+01
50 8.538852e-02 8.184450e+00 1.109244e+01 8.437687e+01 1.358642e+03 4.986879e+01 5.188913e+01
51 8.709494e-02 8.340993e+00 1.144422e+01 8.611966e+01 1.335414e+03 4.996513e+01 5.198487e+01
52 8.879964e-02 8.497111e+00 1.178181e+01 8.780196e+01 1.314098e+03 5.006131e+01 5.208045e+01
53 9.050260e-02 8.652804e+00 1.211186e+01 8.941800e+01 1.294343e+03 5.015733e+01 5.244474e+01
54 9.220380e-02 8.808072e+00 1.243048e+01 9.098126e+01 1.276831e+03 5.025320e+01 5.253990e+01
55 9.390323e-02 8.962915e+00 1.272957e+01 9.250362e+01 1.261062e+03 5.034891e+01 5.263490e+01
56 9.560088e-02 9.117332e+00 1.300754e+01 9.395152e+01 1.246973e+03 5.044445e+01 5.272972e+01
57 9.729672e-02 9.271325e+00 1.326295e+01 9.532296e+01 1.234500e+03 5.053984e+01 5.282437e+01
58 9.899076e-02 9.424892e+00 1.349508e+01 9.661938e+01 1.223517e+03 5.063506e+01 5.291884e+01
59 1.006830e-01 9.578034e+00 1.370348e+01 9.791590e+01 1.213918e+03 5.073011e+01 5.301313e+01
60 1.023733e-01 9.730752e+00 1.388904e+01 9.916145e+01 1.205576e+03 5.082500e+01 5.310725e+01
61 1.040618e-01 9.883044e+00 1.405215e+01 1.003503e+02 1.198386e+03 5.091972e+01 5.320118e+01
62 1.057485e-01 1.003491e+01 1.420869e+01 1.014912e+02 1.192051e+03 5.101427e+01 5.356292e+01
63 1.074333e-01 1.018635e+01 1.435754e+01 1.025972e+02 1.186949e+03 5.110865e+01 5.365639e+01
64 1.091161e-01 1.033737e+01 1.448708e+01 1.036963e+02 1.182821e+03 5.120285e+01 5.374969e+01
65 1.107971e-01 1.048797e+01 1.459830e+01 1.047701e+02 1.179586e+03 5.129688e+01 5.384279e+01
66 1.124762e-01 1.063814e+01 1.469557e+01 1.058067e+02 1.176925e+03 5.139074e+01 5.420319e+01
67 1.141533e-01 1.078788e+01 1.479318e+01 1.068126e+02 1.175208e+03 5.148441e+01 5.429582e+01
68 1.158285e-01 1.093720e+01 1.487763e+01 1.077765e+02 1.173914e+03 5.157791e+01 5.465541e+01
69 1.175017e-01 1.108610e+01 1.496368e+01 1.087402e+02 1.173397e+03 5.167123e+01 5.474755e+01
70 1.191730e-01 1.123458e+01 1.503489e+01 1.096573e+02 1.173410e+03 5.176436e+01 5.483949e+01
71 1.208423e-01 1.138263e+01 1.511017e+01 1.105154e+02 1.173699e+03 5.185732e+01 5.519796e+01
72 1.225096e-01 1.153026e+01 1.517254e+01 1.113156e+02 1.174690e+03 5.195008e+01 5.528940e+01
73 1.241749e-01 1.167746e+01 1.523370e+01 1.120595e+02 1.175890e+03 5.204267e+01 5.564700e+01
74 1.258382e-01 1.182425e+01 1.528945e+01 1.127866e+02 1.177723e+03 5.213506e+01 5.573793e+01
75 1.274994e-01 1.197061e+01 1.533494e+01 1.134740e+02 1.179766e+03 5.222727e+01 5.609465e+01
76 1.291587e-01 1.211655e+01 1.538404e+01 1.141111e+02 1.182359e+03 5.231929e+01 5.618506e+01
77 1.308158e-01 1.226207e+01 1.542205e+01 1.146995e+02 1.185265e+03 5.241112e+01 5.627527e+01
78 1.324710e-01 1.240716e+01 1.545657e+01 1.152543e+02 1.188287e+03 5.250276e+01 5.663075e+01
79 1.341240e-01 1.255184e+01 1.548937e+01 1.157983e+02 1.191788e+03 5.259420e+01 5.672043e+01
80 1.357750e-01 1.269610e+01 1.551275e+01 1.163124e+02 1.195570e+03 5.268545e+01 5.680989e+01
81 1.374239e-01 1.283994e+01 1.552671e+01 1.167850e+02 1.199626e+03 5.277651e+01 5.689914e+01
82 1.390707e-01 1.298335e+01 1.553271e+01 1.172172e+02 1.203902e+03 5.286737e+01 5.698817e+01
83 1.407154e-01 1.312635e+01 1.553133e+01 1.176106e+02 1.208395e+03 5.295803e+01 5.707699e+01
84 1.423580e-01 1.326893e+01 1.552347e+01 1.180208e+02 1.213148e+03 5.304850e+01 5.716560e+01
85 1.439985e-01 1.341110e+01 1.550394e+01 1.184252e+02 1.218080e+03 5.313876e+01 5.725399e+01
86 1.456368e-01 1.355284e+01 1.547285e+01 1.188206e+02 1.223146e+03 5.322883e+01 5.734216e+01
87 1.472730e-01 1.369417e+01 1.543843e+01 1.191973e+02 1.228286e+03 5.331869e+01 5.743012e+01
88 1.489070e-01 1.383508e+01 1.540085e+01 1.195571e+02 1.233543e+03 5.340835e+01 5.751785e+01
89 1.505389e-01 1.397557e+01 1.536147e+01 1.199219e+02 1.238824e+03 5.349781e+01 5.760537e+01
90 1.521686e-01 1.411565e+01 1.532068e+01 1.202924e+02 1.244100e+03 5.358707e+01 5.769266e+01
91 1.537961e-01 1.425532e+01 1.527938e+01 1.206596e+02 1.249334e+03 5.367612e+01 5.777973e+01
92 1.554215e-01 1.439457e+01 1.523789e+01 1.210025e+02 1.254534e+03 5.376496e+01 5.786659e+01
93 1.570446e-01 1.453341e+01 1.519651e+01 1.213432e+02 1.259662e+03 5.385360e+01 5.795321e+01
94 1.586655e-01 1.467183e+01 1.515643e+01 1.216617e+02 1.264670e+03 5.394202e+01 5.803962e+01
95 1.602843e-01 1.480984e+01 1.511770e+01 1.220171e+02 1.269555e+03 5.403024e+01 5.812580e+01
96 1.619007e-01 1.494744e+01 1.508014e+01 1.223487e+02 1.274336e+03 5.411826e+01 5.821176e+01
97 1.635150e-01 1.508463e+01 1.504471e+01 1.226577e+02 1.278944e+03 5.420606e+01 5.829749e+01
98 1.651271e-01 1.522140e+01 1.501124e+01 1.229451e+02 1.283355e+03 5.429365e+01 5.838299e+01
99 1.667369e-01 1.535777e+01 1.497995e+01 1.232119e+02 1.287551e+03 5.438102e+01 5.846827e+01
100 1.683444e-01 1.549373e+01 1.495363e+01 1.234819e+02 1.291776e+03 5.446819e+01 5.829057e+01
101 1.699497e-01 1.562927e+01 1.493351e+01 1.237513e+02 1.295616e+03 5.455514e+01 5.837553e+01
102 1.715527e-01 1.576441e+01 1.491538e+01 1.240039e+02 1.299247e+03 5.464188e+01 5.846026e+01
103 1.731535e-01 1.589914e+01 1.489964e+01 1.242406e+02 1.302623e+03 5.472841e+01 5.854477e+01
104 1.747519e-01 1.603347e+01 1.488526e+01 1.244621e+02 1.305835e+03 5.481472e+01 5.862904e+01
105 1.763481e-01 1.616739e+01 1.487268e+01 1.246689e+02 1.308897e+03 5.490081e+01 5.871309e+01
106 1.779420e-01 1.630090e+01 1.486194e+01 1.248994e+02 1.311762e+03 5.498669e+01 5.879691e+01
107 1.795336e-01 1.643401e+01 1.485237e+01 1.251001e+02 1.314483e+03 5.507235e+01 5.888049e+01
108 1.811229e-01 1.656672e+01 1.484416e+01 1.252837e+02 1.317038e+03 5.515779e+01 5.896385e+01
109 1.827099e-01 1.669902e+01 1.483699e+01 1.254560e+02 1.319461e+03 5.524301e+01 5.904698e+01
110 1.842946e-01 1.683092e+01 1.482115e+01 1.256172e+02 1.321794e+03 5.532802e+01 5.912987e+01
111 1.858769e-01 1.696242e+01 1.480598e+01 1.257776e+02 1.323981e+03 5.541281e+01 5.921253e+01
112 1.874569e-01 1.709352e+01 1.479162e+01 1.259543e+02 1.326070e+03 5.549737e+01 5.929496e+01
113 1.890346e-01 1.722421e+01 1.477805e+01 1.261217e+02 1.328061e+03 5.558172e+01 5.937716e+01
114 1.906100e-01 1.735451e+01 1.476513e+01 1.262800e+02 1.329945e+03 5.566584e+01 5.945913e+01
115 1.921830e-01 1.748441e+01 1.475237e+01 1.264294e+02 1.331802e+03 5.574975e+01 5.954086e+01
116 1.937536e-01 1.761392e+01 1.474003e+01 1.265700e+02 1.333590e+03 5.583343e+01 5.962236e+01
117 1.953219e-01 1.774302e+01 1.472789e+01 1.267161e+02 1.335323e+03 5.591689e+01 5.970362e+01
118 1.968879e-01 1.787173e+01 1.471571e+01 1.268756e+02 1.337002e+03 5.600013e+01 5.978465e+01
119 1.984515e-01 1.800004e+01 1.470362e+01 1.270386e+02 1.338626e+03 5.608314e+01 5.986545e+01
120 2.000127e-01 1.812796e+01 1.469144e+01 1.271937e+02 1.340238e+03 5.616593e+01 5.994601e+01
121 2.015715e-01 1.825549e+01 1.467902e+01 1.273458e+02 1.341843e+03 5.624850e+01 6.002634e+01
122 2.031280e-01 1.838262e+01 1.466626e+01 1.274972e+02 1.343421e+03 5.633084e+01 6.010644e+01
123 2.046821e-01 1.850937e+01 1.465329e+01 1.276536e+02 1.344995e+03 5.641296e+01 6.018629e+01
124 2.062338e-01 1.863572e+01 1.463953e+01 1.278306e+02 1.346640e+03 5.649486e+01 6.026592e+01
125 2.077831e-01 1.876168e+01 1.462530e+01 1.280040e+02 1.348299e+03 5.657653e+01 6.034530e+01
126 2.093301e-01 1.888725e+01 1.461351e+01 1.281700e+02 1.349686e+03 5.665797e+01 6.068338e+01
127 2.108746e-01 1.901244e+01 1.460268e+01 1.283401e+02 1.351361e+03 5.673919e+01 6.076214e+01
128 2.124167e-01 1.913723e+01 1.459129e+01 1.285029e+02 1.353061e+03 5.682018e+01 6.084067e+01
129 2.139564e-01 1.926165e+01 1.457914e+01 1.286679e+02 1.354804e+03 5.690095e+01 6.091895e+01
130 2.154938e-01 1.938567e+01 1.456606e+01 1.288588e+02 1.356582e+03 5.698149e+01 6.099700e+01
131 2.170287e-01 1.950931e+01 1.455508e+01 1.290426e+02 1.358083e+03 5.706180e+01 6.133278e+01
132 2.185612e-01 1.963257e+01 1.454539e+01 1.292262e+02 1.359918e+03 5.714189e+01 6.141020e+01
133 2.200913e-01 1.975544e+01 1.453447e+01 1.294073e+02 1.361790e+03 5.722175e+01 6.148738e+01
134 2.216189e-01 1.987794e+01 1.452252e+01 1.295808e+02 1.363673e+03 5.730138e+01 6.156431e+01
135 2.231442e-01 2.000005e+01 1.450964e+01 1.297467e+02 1.365617e+03 5.738079e+01 6.164102e+01
136 2.246670e-01 2.012178e+01 1.449950e+01 1.299305e+02 1.367318e+03 5.745997e+01 6.197448e+01
137 2.261874e-01 2.024314e+01 1.448936e+01 1.301116e+02 1.369360e+03 5.753892e+01 6.205054e+01
138 2.277053e-01 2.036411e+01 1.447816e+01 1.302854e+02 1.371442e+03 5.761764e+01 6.212636e+01
139 2.292209e-01 2.048471e+01 1.446566e+01 1.304519e+02 1.373590e+03 5.769614e+01 6.220195e+01
140 2.307340e-01 2.060493e+01 1.445362e+01 1.306111e+02 1.375420e+03 5.777441e+01 6.253346e+01
141 2.322446e-01 2.072478e+01 1.444429e+01 1.307627e+02 1.377586e+03 5.785245e+01 6.260840e+01
142 2.337529e-01 2.084426e+01 1.443367e+01 1.309156e+02 1.379775e+03 5.793026e+01 6.268311e+01
143 2.352586e-01 2.096336e+01 1.442216e+01 1.310809e+02 1.382008e+03 5.800784e+01 6.275758e+01
144 2.367620e-01 2.108209e+01 1.440956e+01 1.312355e+02 1.384246e+03 5.808520e+01 6.283181e+01
145 2.382629e-01 2.120045e+01 1.439972e+01 1.313674e+02 1.386159e+03 5.816233e+01 6.316094e+01
146 2.397613e-01 2.131844e+01 1.439013e+01 1.314924e+02 1.388419e+03 5.823923e+01 6.323453e+01
147 2.412573e-01 2.143606e+01 1.437968e+01 1.316104e+02 1.390724e+03 5.831590e+01 6.330788e+01
148 2.427509e-01 2.155331e+01 1.436836e+01 1.317216e+02 1.392994e+03 5.839234e+01 6.338099e+01
149 2.442420e-01 2.167020e+01 1.435809e+01 1.318411e+02 1.394921e+03 5.846856e+01 6.370813e+01
150 2.457307e-01 2.178672e+01 1.435017e+01 1.319660e+02 1.397173e+03 5.854455e+01 6.378060e+01
151 2.472169e-01 2.190287e+01 1.434147e+01 1.320848e+02 1.399411e+03 5.862031e+01 6.385283e+01
152 2.487006e-01 2.201866e+01 1.433221e+01 1.321974e+02 1.401630e+03 5.869584e+01 6.392482e+01
153 2.501819e-01 2.213409e+01 1.432234e+01 1.323040e+02 1.403813e+03 5.877115e+01 6.399657e+01
154 2.516608e-01 2.224916e+01 1.431170e+01 1.324045e+02 1.405975e+03 5.884623e+01 6.406809e+01
155 2.531372e-01 2.236386e+01 1.430062e+01 1.324991e+02 1.408144e+03 5.892108e+01 6.413937e+01
156 2.546111e-01 2.247821e+01 1.428917e+01 1.326033e+02 1.410352e+03 5.899570e+01 6.421041e+01
157 2.560826e-01 2.259220e+01 1.427732e+01 1.327122e+02 1.412574e+03 5.907009e+01 6.428122e+01
158 2.575516e-01 2.270583e+01 1.426499e+01 1.328159e+02 1.414816e+03 5.914426e+01 6.435179e+01
159 2.590182e-01 2.281910e+01 1.425250e+01 1.329172e+02 1.417063e+03 5.921820e+01 6.442212e+01
160 2.604823e-01 2.293202e+01 1.423979e+01 1.330213e+02 1.419331e+03 5.929192e+01 6.449222e+01
161 2.619440e-01 2.304459e+01 1.422674e+01 1.331219e+02 1.421596e+03 5.936541e+01 6.456209e+01
162 2.634032e-01 2.315680e+01 1.421351e+01 1.332264e+02 1.423875e+03 5.943867e+01 6.463172e+01
163 2.648599e-01 2.326866e+01 1.419735e+01 1.333367e+02 1.426171e+03 5.951170e+01 6.470111e+01
164 2.663142e-01 2.338016e+01 1.417346e+01 1.334663e+02 1.428531e+03 5.958451e+01 6.477027e+01
165 2.677660e-01 2.349132e+01 1.414956e+01 1.335913e+02 1.430923e+03 5.965710e+01 6.483920e+01
166 2.692154e-01 2.360213e+01 1.412595e+01 1.337220e+02 1.433337e+03 5.972945e+01 6.490789e+01
167 2.706623e-01 2.371259e+01 1.410201e+01 1.338484e+02 1.435801e+03 5.980158e+01 6.497635e+01
168 2.721067e-01 2.382270e+01 1.407874e+01 1.339794e+02 1.438230e+03 5.987349e+01 6.504458e+01
169 2.735487e-01 2.393247e+01 1.405472e+01 1.341071e+02 1.440758e+03 5.994517e+01 6.511257e+01
170 2.749883e-01 2.404190e+01 1.403463e+01 1.342301e+02 1.442961e+03 6.001663e+01 6.518034e+01
171 2.764253e-01 2.415098e+01 1.400813e+01 1.343714e+02 1.445789e+03 6.008786e+01 6.524787e+01
172 2.778600e-01 2.425971e+01 1.399849e+01 1.345088e+02 1.447070e+03 6.015887e+01 6.531517e+01
173 2.792922e-01 2.436811e+01 1.396272e+01 1.346414e+02 1.451211e+03 6.022965e+01 6.513215e+01
174 2.807219e-01 2.447616e+01 1.396310e+01 1.347707e+02 1.452263e+03 6.030021e+01 6.519917e+01
175 2.821492e-01 2.458388e+01 1.392886e+01 1.348950e+02 1.456422e+03 6.037055e+01 6.526596e+01
176 2.835740e-01 2.469126e+01 1.392627e+01 1.350161e+02 1.457795e+03 6.044067e+01 6.533252e+01
177 2.849963e-01 2.479830e+01 1.389500e+01 1.351323e+02 1.461766e+03 6.051056e+01 6.539885e+01
178 2.864163e-01 2.490500e+01 1.389256e+01 1.352518e+02 1.463194e+03 6.058023e+01 6.546495e+01
179 2.878337e-01 2.501137e+01 1.386159e+01 1.353818e+02 1.467232e+03 6.064967e+01 6.553083e+01
180 2.892488e-01 2.511741e+01 1.385936e+01 1.355087e+02 1.468686e+03 6.071890e+01 6.559647e+01
181 2.906614e-01 2.522311e+01 1.382856e+01 1.356311e+02 1.472787e+03 6.078790e+01 6.566190e+01
182 2.920715e-01 2.532849e+01 1.382965e+01 1.357504e+02 1.473969e+03 6.085668e+01 6.572709e+01
183 2.934792e-01 2.543353e+01 1.379586e+01 1.358625e+02 1.478435e+03 6.092524e+01 6.579206e+01
184 2.948845e-01 2.553824e+01 1.379706e+01 1.359595e+02 1.479629e+03 6.099359e+01 6.585680e+01
185 2.962873e-01 2.564262e+01 1.376325e+01 1.360520e+02 1.484120e+03 6.106171e+01 6.592132e+01
186 2.976877e-01 2.574668e+01 1.376450e+01 1.361485e+02 1.485324e+03 6.112961e+01 6.598562e+01
187 2.990856e-01 2.585041e+01 1.372458e+01 1.362543e+02 1.489895e+03 6.119729e+01 6.604969e+01
188 3.004811e-01 2.595381e+01 1.371799e+01 1.363571e+02 1.491130e+03 6.126475e+01 6.611354e+01
189 3.018742e-01 2.605689e+01 1.367636e+01 1.364559e+02 1.495746e+03 6.133200e+01 6.617716e+01
190 3.032648e-01 2.615965e+01 1.367002e+01 1.365516e+02 1.496992e+03 6.139903e+01 6.624056e+01
191 3.046531e-01 2.626208e+01 1.362862e+01 1.366512e+02 1.501630e+03 6.146584e+01 6.630374e+01
192 3.060389e-01 2.636420e+01 1.362246e+01 1.367495e+02 1.502874e+03 6.153243e+01 6.636670e+01
193 3.074222e-01 2.646599e+01 1.358118e+01 1.368508e+02 1.507565e+03 6.159880e+01 6.642944e+01
194 3.088032e-01 2.656747e+01 1.357517e+01 1.369535e+02 1.508826e+03 6.166496e+01 6.649196e+01
195 3.101817e-01 2.666863e+01 1.353390e+01 1.370751e+02 1.513580e+03 6.173090e+01 6.655426e+01
196 3.115578e-01 2.676947e+01 1.352800e+01 1.371983e+02 1.514855e+03 6.179663e+01 6.661634e+01
197 3.129315e-01 2.687000e+01 1.348667e+01 1.373209e+02 1.519629e+03 6.186214e+01 6.667820e+01
198 3.143028e-01 2.697021e+01 1.348086e+01 1.374465e+02 1.520891e+03 6.192744e+01 6.673984e+01
199 3.156717e-01 2.707011e+01 1.343943e+01 1.375697e+02 1.525672e+03 6.199252e+01 6.680127e+01
200 3.170381e-01 2.716970e+01 1.343753e+01 1.376972e+02 1.526519e+03 6.205739e+01 6.686248e+01
201 3.184022e-01 2.726898e+01 1.339221e+01 1.378099e+02 1.531679e+03 6.212205e+01 6.692347e+01
202 3.197639e-01 2.736795e+01 1.339035e+01 1.379191e+02 1.532494e+03 6.218649e+01 6.698425e+01
203 3.211231e-01 2.746660e+01 1.334485e+01 1.380332e+02 1.537668e+03 6.225072e+01 6.704481e+01
204 3.224800e-01 2.756496e+01 1.334298e+01 1.381559e+02 1.538489e+03 6.231474e+01 6.710516e+01
205 3.238344e-01 2.766300e+01 1.329723e+01 1.382740e+02 1.543691e+03 6.237855e+01 6.716529e+01
206 3.251865e-01 2.776074e+01 1.329535e+01 1.383892e+02 1.544517e+03 6.244215e+01 6.722521e+01
207 3.265362e-01 2.785817e+01 1.324923e+01 1.384999e+02 1.549730e+03 6.250553e+01 6.728492e+01
208 3.278835e-01 2.795530e+01 1.324728e+01 1.386075e+02 1.550510e+03 6.256871e+01 6.734441e+01
209 3.292284e-01 2.805213e+01 1.320276e+01 1.387107e+02 1.555271e+03 6.263168e+01 6.764719e+01
210 3.305709e-01 2.814866e+01 1.320219e+01 1.388107e+02 1.556015e+03 6.269443e+01 6.770608e+01
211 3.319111e-01 2.824489e+01 1.315877e+01 1.389063e+02 1.561167e+03 6.275698e+01 6.776476e+01
212 3.332488e-01 2.834081e+01 1.316269e+01 1.390084e+02 1.561387e+03 6.281933e+01 6.782322e+01
213 3.345842e-01 2.843644e+01 1.311445e+01 1.391139e+02 1.566559e+03 6.288146e+01 6.812405e+01
214 3.359173e-01 2.853178e+01 1.311949e+01 1.392057e+02 1.566893e+03 6.294339e+01 6.818191e+01
215 3.372479e-01 2.862681e+01 1.307421e+01 1.392934e+02 1.572615e+03 6.300511e+01 6.823957e+01
216 3.385763e-01 2.872156e+01 1.307910e+01 1.393780e+02 1.572914e+03 6.306662e+01 6.829701e+01
217 3.399022e-01 2.881601e+01 1.303309e+01 1.394585e+02 1.578612e+03 6.312793e+01 6.835425e+01
218 3.412258e-01 2.891016e+01 1.303784e+01 1.395360e+02 1.578881e+03 6.318904e+01 6.841128e+01
219 3.425470e-01 2.900403e+01 1.299406e+01 1.396094e+02 1.584120e+03 6.324994e+01 6.870938e+01
220 3.438659e-01 2.909760e+01 1.299982e+01 1.396858e+02 1.584360e+03 6.331064e+01 6.876582e+01
221 3.451825e-01 2.919089e+01 1.295572e+01 1.397640e+02 1.590004e+03 6.337113e+01 6.882205e+01
222 3.464967e-01 2.928388e+01 1.295686e+01 1.398556e+02 1.590694e+03 6.343142e+01 6.887808e+01
223 3.478085e-01 2.937659e+01 1.291739e+01 1.399470e+02 1.595417e+03 6.349151e+01 6.917424e+01
224 3.491180e-01 2.946901e+01 1.291965e+01 1.400376e+02 1.596120e+03 6.355140e+01 6.922967e+01
225 3.504252e-01 2.956115e+01 1.288121e+01 1.401297e+02 1.601313e+03 6.361109e+01 6.928491e+01
226 3.517301e-01 2.965300e+01 1.288317e+01 1.402206e+02 1.602000e+03 6.367057e+01 6.933994e+01
227 3.530326e-01 2.974457e+01 1.284385e+01 1.403117e+02 1.607171e+03 6.372986e+01 6.939477e+01
228 3.543328e-01 2.983586e+01 1.284673e+01 1.403998e+02 1.607347e+03 6.378895e+01 6.968861e+01
229 3.556307e-01 2.992687e+01 1.280958e+01 1.404837e+02 1.612464e+03 6.384784e+01 6.974286e+01
230 3.569263e-01 3.001759e+01 1.281229e+01 1.405648e+02 1.613086e+03 6.390653e+01 6.979691e+01
231 3.582196e-01 3.010804e+01 1.277425e+01 1.406496e+02 1.618225e+03 6.396502e+01 6.985076e+01
232 3.595105e-01 3.019821e+01 1.277297e+01 1.407392e+02 1.619251e+03 6.402331e+01 6.990441e+01
233 3.607992e-01 3.028810e+01 1.273734e+01 1.408250e+02 1.624003e+03 6.408141e+01 6.995787e+01
234 3.620856e-01 3.037772e+01 1.273265e+01 1.409081e+02 1.625344e+03 6.413932e+01 7.001113e+01
235 3.633696e-01 3.046706e+01 1.269833e+01 1.409875e+02 1.629786e+03 6.419703e+01 7.006419e+01
236 3.646514e-01 3.055613e+01 1.268160e+01 1.410642e+02 1.631658e+03 6.425454e+01 7.011707e+01
237 3.659309e-01 3.064493e+01 1.264499e+01 1.411374e+02 1.635627e+03 6.431186e+01 7.016974e+01
238 3.672081e-01 3.073345e+01 1.262347e+01 1.412009e+02 1.637945e+03 6.436898e+01 7.022223e+01
239 3.684830e-01 3.082170e+01 1.259392e+01 1.412599e+02 1.641956e+03 6.442592e+01 7.003736e+01
240 3.697556e-01 3.090969e+01 1.257319e+01 1.413159e+02 1.644623e+03 6.448266e+01 7.008964e+01
241 3.710260e-01 3.099740e+01 1.254789e+01 1.413734e+02 1.647746e+03 6.453920e+01 7.014174e+01
242 3.722941e-01 3.108485e+01 1.252509e+01 1.414375e+02 1.650592e+03 6.459556e+01 7.019364e+01
243 3.735599e-01 3.117203e+01 1.250072e+01 1.414987e+02 1.653558e+03 6.465173e+01 7.024535e+01
244 3.748235e-01 3.125894e+01 1.247694e+01 1.415570e+02 1.656431e+03 6.470770e+01 7.029688e+01
245 3.760848e-01 3.134559e+01 1.245243e+01 1.416125e+02 1.659351e+03 6.476349e+01 7.034821e+01
246 3.773439e-01 3.143198e+01 1.242801e+01 1.416651e+02 1.662266e+03 6.481909e+01 7.039936e+01
247 3.786007e-01 3.151810e+01 1.240311e+01 1.417149e+02 1.665187e+03 6.487450e+01 7.045032e+01
248 3.798553e-01 3.160396e+01 1.237800e+01 1.417646e+02 1.668116e+03 6.492972e+01 7.050109e+01
249 3.811076e-01 3.168956e+01 1.235262e+01 1.418136e+02 1.671039e+03 6.498476e+01 7.055168e+01
250 3.823577e-01 3.177490e+01 1.232696e+01 1.418636e+02 1.673936e+03 6.503960e+01 7.060208e+01
251 3.836056e-01 3.185999e+01 1.230102e+01 1.419131e+02 1.676831e+03 6.509427e+01 7.065230e+01
252 3.848512e-01 3.194481e+01 1.227482e+01 1.419703e+02 1.679735e+03 6.514874e+01 7.070234e+01
253 3.860946e-01 3.202938e+01 1.224838e+01 1.420340e+02 1.682663e+03 6.520304e+01 7.075219e+01
254 3.873358e-01 3.211369e+01 1.222165e+01 1.420971e+02 1.685602e+03 6.525715e+01 7.080186e+01
255 3.885748e-01 3.219775e+01 1.219463e+01 1.421599e+02 1.688473e+03 6.531107e+01 7.085134e+01
256 3.898115e-01 3.228155e+01 1.216737e+01 1.422202e+02 1.691334e+03 6.536481e+01 7.090065e+01
257 3.910461e-01 3.236510e+01 1.213985e+01 1.422772e+02 1.694185e+03 6.541837e+01 7.094977e+01
258 3.922784e-01 3.244840e+01 1.211203e+01 1.423269e+02 1.697098e+03 6.547175e+01 7.099872e+01
259 3.935086e-01 3.253145e+01 1.208399e+01 1.423741e+02 1.700000e+03 6.552495e+01 7.104748e+01
260 3.947366e-01 3.261425e+01 1.205180e+01 1.424187e+02 1.702898e+03 6.557796e+01 7.109607e+01
261 3.959623e-01 3.269679e+01 1.201794e+01 1.424608e+02 1.705822e+03 6.563080e+01 7.114448e+01
262 3.971859e-01 3.277910e+01 1.198390e+01 1.425005e+02 1.708711e+03 6.568345e+01 7.119271e+01
263 3.984073e-01 3.286115e+01 1.194964e+01 1.425422e+02 1.711672e+03 6.573593e+01 7.124077e+01
264 3.996265e-01 3.294296e+01 1.191523e+01 1.425895e+02 1.714639e+03 6.578823e+01 7.128865e+01
265 4.008436e-01 3.302452e+01 1.188067e+01 1.426345e+02 1.717635e+03 6.584036e+01 7.133635e+01
266 4.020585e-01 3.310584e+01 1.184600e+01 1.426787e+02 1.720655e+03 6.589230e+01 7.138388e+01
267 4.032712e-01 3.318691e+01 1.181115e+01 1.427214e+02 1.723700e+03 6.594407e+01 7.143124e+01
268 4.044818e-01 3.326775e+01 1.177616e+01 1.427620e+02 1.726694e+03 6.599566e+01 7.147842e+01
269 4.056902e-01 3.334834e+01 1.174091e+01 1.428004e+02 1.729706e+03 6.604708e+01 7.152543e+01
270 4.068965e-01 3.342869e+01 1.170547e+01 1.428332e+02 1.732809e+03 6.609833e+01 7.157227e+01
271 4.081006e-01 3.350880e+01 1.166994e+01 1.428616e+02 1.735928e+03 6.614940e+01 7.161894e+01
272 4.093025e-01 3.358867e+01 1.163427e+01 1.428883e+02 1.739072e+03 6.620029e+01 7.166543e+01
273 4.105024e-01 3.366831e+01 1.159852e+01 1.429160e+02 1.742250e+03 6.625102e+01 7.171176e+01
274 4.117001e-01 3.374771e+01 1.156257e+01 1.429577e+02 1.745424e+03 6.630157e+01 7.175792e+01
275 4.128957e-01 3.382687e+01 1.152636e+01 1.430043e+02 1.748542e+03 6.635195e+01 7.180391e+01
276 4.140891e-01 3.390579e+01 1.149145e+01 1.430521e+02 1.752833e+03 6.640216e+01 7.161922e+01
277 4.152804e-01 3.398449e+01 1.145815e+01 1.431013e+02 1.756161e+03 6.645220e+01 7.166506e+01
278 4.164697e-01 3.406295e+01 1.142469e+01 1.431524e+02 1.759542e+03 6.650207e+01 7.171073e+01
279 4.176568e-01 3.414118e+01 1.139104e+01 1.432027e+02 1.762896e+03 6.655177e+01 7.175623e+01
280 4.188418e-01 3.421917e+01 1.135714e+01 1.432518e+02 1.766272e+03 6.660130e+01 7.180157e+01
281 4.200247e-01 3.429694e+01 1.132295e+01 1.432997e+02 1.769666e+03 6.665066e+01 7.184675e+01
282 4.212055e-01 3.437448e+01 1.128836e+01 1.433464e+02 1.773093e+03 6.669986e+01 7.189176e+01
283 4.223842e-01 3.445178e+01 1.125355e+01 1.433919e+02 1.776553e+03 6.674889e+01 7.193660e+01
284 4.235608e-01 3.452887e+01 1.121848e+01 1.434362e+02 1.780012e+03 6.679775e+01 7.198129e+01
285 4.247354e-01 3.460572e+01 1.118312e+01 1.434794e+02 1.783623e+03 6.684645e+01 7.202581e+01
286 4.259078e-01 3.468235e+01 1.114763e+01 1.435184e+02 1.787351e+03 6.689499e+01 7.207017e+01
287 4.270782e-01 3.475875e+01 1.111032e+01 1.435553e+02 1.791088e+03 6.694335e+01 7.211436e+01
288 4.282466e-01 3.483493e+01 1.107017e+01 1.435910e+02 1.794883e+03 6.699156e+01 7.215840e+01
289 4.294128e-01 3.491088e+01 1.102959e+01 1.436255e+02 1.798646e+03 6.703960e+01 7.220228e+01
290 4.305770e-01 3.498662e+01 1.098865e+01 1.436587e+02 1.802496e+03 6.708748e+01 7.224600e+01
291 4.317392e-01 3.506213e+01 1.094751e+01 1.436908e+02 1.806450e+03 6.713520e+01 7.228956e+01
