# it strain shortening ε_f δT D θ θc
1 0.000000e+00 0.000000e+00 1.236267e+00 5.684342e-14 6.499239e+03 4.500000e+01 4.512215e+01
2 1.770244e-03 1.768678e-01 1.270380e+00 1.376328e+00 6.262785e+03 4.510143e+01 4.522358e+01
3 3.539646e-03 3.533389e-01 1.303461e+00 2.717142e+00 6.065626e+03 4.520281e+01 4.532496e+01
4 5.308184e-03 5.294120e-01 1.338255e+00 4.036819e+00 5.892508e+03 4.530413e+01 4.542628e+01
5 7.075837e-03 7.050863e-01 1.374867e+00 5.331638e+00 5.736878e+03 4.540540e+01 4.552755e+01
6 8.842586e-03 8.803605e-01 1.413404e+00 6.602909e+00 5.594159e+03 4.550662e+01 4.562876e+01
7 1.060841e-02 1.055234e+00 1.453982e+00 7.851711e+00 5.461364e+03 4.560777e+01 4.572991e+01
8 1.237328e-02 1.229705e+00 1.496719e+00 9.078908e+00 5.336362e+03 4.570886e+01 4.583100e+01
9 1.413719e-02 1.403773e+00 1.541747e+00 1.028515e+01 5.217504e+03 4.580989e+01 4.593202e+01
10 1.590012e-02 1.577438e+00 1.589198e+00 1.147091e+01 5.103566e+03 4.591086e+01 4.603298e+01
11 1.766203e-02 1.750697e+00 1.639222e+00 1.264901e+01 4.993729e+03 4.601175e+01 4.613386e+01
12 1.942292e-02 1.923551e+00 1.691952e+00 1.387685e+01 4.886975e+03 4.611257e+01 4.623468e+01
13 2.118276e-02 2.095998e+00 1.747553e+00 1.509857e+01 4.783157e+03 4.621332e+01 4.633542e+01
14 2.294153e-02 2.268037e+00 1.806261e+00 1.633117e+01 4.682692e+03 4.631399e+01 4.643608e+01
15 2.469921e-02 2.439668e+00 1.868272e+00 1.758394e+01 4.584856e+03 4.641459e+01 4.653666e+01
16 2.645579e-02 2.610890e+00 1.933752e+00 1.884227e+01 4.488902e+03 4.651510e+01 4.663717e+01
17 2.821124e-02 2.781702e+00 2.002847e+00 2.010783e+01 4.394542e+03 4.661553e+01 4.673758e+01
18 2.996555e-02 2.952103e+00 2.075762e+00 2.138229e+01 4.301536e+03 4.671587e+01 4.683792e+01
19 3.171869e-02 3.122092e+00 2.152714e+00 2.266726e+01 4.209625e+03 4.681613e+01 4.693816e+01
20 3.347064e-02 3.291670e+00 2.233892e+00 2.396429e+01 4.118662e+03 4.691630e+01 4.703831e+01
21 3.522139e-02 3.460834e+00 2.319608e+00 2.526934e+01 4.028836e+03 4.701637e+01 4.713837e+01
22 3.697092e-02 3.629584e+00 2.410102e+00 2.658571e+01 3.940183e+03 4.711635e+01 4.723834e+01
23 3.871921e-02 3.797920e+00 2.505704e+00 2.791828e+01 3.852692e+03 4.721623e+01 4.733820e+01
24 4.046623e-02 3.965841e+00 2.606610e+00 2.926808e+01 3.765886e+03 4.731602e+01 4.743797e+01
25 4.221198e-02 4.133346e+00 2.713112e+00 3.065367e+01 3.679679e+03 4.741570e+01 4.753764e+01
26 4.395643e-02 4.300435e+00 2.825447e+00 3.206476e+01 3.594079e+03 4.751528e+01 4.763720e+01
27 4.569957e-02 4.467107e+00 2.943951e+00 3.349528e+01 3.509244e+03 4.761475e+01 4.773665e+01
28 4.744137e-02 4.633362e+00 3.068911e+00 3.494167e+01 3.425194e+03 4.771412e+01 4.783600e+01
29 4.918182e-02 4.799198e+00 3.200777e+00 3.640585e+01 3.342204e+03 4.781338e+01 4.793524e+01
30 5.092090e-02 4.964616e+00 3.339655e+00 3.789221e+01 3.259900e+03 4.791252e+01 4.803436e+01
31 5.265859e-02 5.129615e+00 3.486028e+00 3.940043e+01 3.178355e+03 4.801155e+01 4.813337e+01
32 5.439488e-02 5.294194e+00 3.640025e+00 4.093001e+01 3.097555e+03 4.811047e+01 4.823226e+01
33 5.612975e-02 5.458354e+00 3.801825e+00 4.247339e+01 3.017755e+03 4.820926e+01 4.833103e+01
34 5.786317e-02 5.622093e+00 3.971424e+00 4.403529e+01 2.938834e+03 4.830794e+01 4.842969e+01
35 5.959514e-02 5.785411e+00 4.148814e+00 4.561831e+01 2.860840e+03 4.840649e+01 4.852822e+01
36 6.132563e-02 5.948307e+00 4.335437e+00 4.723541e+01 2.782198e+03 4.850492e+01 4.887001e+01
37 6.305464e-02 6.110782e+00 4.530546e+00 4.887833e+01 2.706587e+03 4.860323e+01 4.896823e+01
38 6.478213e-02 6.272835e+00 4.733724e+00 5.054007e+01 2.632351e+03 4.870140e+01 4.906633e+01
39 6.650810e-02 6.434466e+00 4.945860e+00 5.226440e+01 2.558231e+03 4.879945e+01 4.940750e+01
40 6.823253e-02 6.595674e+00 5.168078e+00 5.401241e+01 2.487266e+03 4.889736e+01 4.950527e+01
41 6.995540e-02 6.756459e+00 5.398946e+00 5.576779e+01 2.417970e+03 4.899514e+01 4.960291e+01
42 7.167669e-02 6.916821e+00 5.640187e+00 5.752450e+01 2.349319e+03 4.909278e+01 4.994342e+01
43 7.339640e-02 7.076759e+00 5.891571e+00 5.929450e+01 2.284031e+03 4.919028e+01 5.004072e+01
44 7.511450e-02 7.236274e+00 6.151234e+00 6.109897e+01 2.219743e+03 4.928765e+01 5.038073e+01
45 7.683098e-02 7.395364e+00 6.423147e+00 6.292980e+01 2.158794e+03 4.938487e+01 5.047767e+01
46 7.854582e-02 7.554030e+00 6.701916e+00 6.476177e+01 2.100201e+03 4.948195e+01 5.057446e+01
47 8.025901e-02 7.712272e+00 6.990971e+00 6.658234e+01 2.043030e+03 4.957888e+01 5.091374e+01
48 8.197054e-02 7.870090e+00 7.288382e+00 6.840807e+01 1.989342e+03 4.967567e+01 5.101016e+01
49 8.368038e-02 8.027482e+00 7.591622e+00 7.025660e+01 1.937933e+03 4.977231e+01 5.110642e+01
50 8.538852e-02 8.184450e+00 7.899111e+00 7.210945e+01 1.889157e+03 4.986879e+01 5.120253e+01
51 8.709494e-02 8.340993e+00 8.210000e+00 7.393785e+01 1.842820e+03 4.996513e+01 5.129847e+01
52 8.879964e-02 8.497111e+00 8.522670e+00 7.574337e+01 1.798988e+03 5.006131e+01 5.139426e+01
53 9.050260e-02 8.652804e+00 8.835224e+00 7.751814e+01 1.757541e+03 5.015733e+01 5.148988e+01
54 9.220380e-02 8.808072e+00 9.144644e+00 7.928953e+01 1.718431e+03 5.025320e+01 5.158534e+01
55 9.390323e-02 8.962915e+00 9.449623e+00 8.103943e+01 1.681796e+03 5.034891e+01 5.168063e+01
56 9.560088e-02 9.117332e+00 9.762990e+00 8.275249e+01 1.647100e+03 5.044445e+01 5.201769e+01
57 9.729672e-02 9.271325e+00 1.007225e+01 8.444924e+01 1.615020e+03 5.053984e+01 5.211257e+01
58 9.899076e-02 9.424892e+00 1.037303e+01 8.609263e+01 1.584878e+03 5.063506e+01 5.220727e+01
59 1.006830e-01 9.578034e+00 1.066371e+01 8.773783e+01 1.556832e+03 5.073011e+01 5.230181e+01
60 1.023733e-01 9.730752e+00 1.094400e+01 8.932888e+01 1.531286e+03 5.082500e+01 5.239616e+01
61 1.040618e-01 9.883044e+00 1.121214e+01 9.086935e+01 1.507504e+03 5.091972e+01 5.249034e+01
62 1.057485e-01 1.003491e+01 1.146497e+01 9.234951e+01 1.485504e+03 5.101427e+01 5.258434e+01
63 1.074333e-01 1.018635e+01 1.171413e+01 9.378230e+01 1.464908e+03 5.110865e+01 5.291948e+01
64 1.091161e-01 1.033737e+01 1.194909e+01 9.521398e+01 1.446594e+03 5.120285e+01 5.301303e+01
65 1.107971e-01 1.048797e+01 1.216795e+01 9.658432e+01 1.430069e+03 5.129688e+01 5.310641e+01
66 1.124762e-01 1.063814e+01 1.237110e+01 9.789887e+01 1.415049e+03 5.139074e+01 5.319959e+01
67 1.141533e-01 1.078788e+01 1.255210e+01 9.914162e+01 1.401481e+03 5.148441e+01 5.329259e+01
68 1.158285e-01 1.093720e+01 1.271524e+01 1.003135e+02 1.389252e+03 5.157791e+01 5.338541e+01
69 1.175017e-01 1.108610e+01 1.286303e+01 1.014831e+02 1.378122e+03 5.167123e+01 5.347803e+01
70 1.191730e-01 1.123458e+01 1.298900e+01 1.025811e+02 1.368501e+03 5.176436e+01 5.357047e+01
71 1.208423e-01 1.138263e+01 1.308982e+01 1.036038e+02 1.359868e+03 5.185732e+01 5.366271e+01
72 1.225096e-01 1.153026e+01 1.319096e+01 1.046282e+02 1.351725e+03 5.195008e+01 5.399519e+01
73 1.241749e-01 1.167746e+01 1.329330e+01 1.056058e+02 1.344936e+03 5.204267e+01 5.408695e+01
74 1.258382e-01 1.182425e+01 1.337958e+01 1.066048e+02 1.339233e+03 5.213506e+01 5.441868e+01
75 1.274994e-01 1.197061e+01 1.348202e+01 1.075604e+02 1.334322e+03 5.222727e+01 5.450995e+01
76 1.291587e-01 1.211655e+01 1.357010e+01 1.085058e+02 1.330154e+03 5.231929e+01 5.460102e+01
77 1.308158e-01 1.226207e+01 1.365131e+01 1.093884e+02 1.326732e+03 5.241112e+01 5.493168e+01
78 1.324710e-01 1.240716e+01 1.374182e+01 1.102848e+02 1.323793e+03 5.250276e+01 5.502224e+01
79 1.341240e-01 1.255184e+01 1.381442e+01 1.111553e+02 1.321705e+03 5.259420e+01 5.511260e+01
80 1.357750e-01 1.269610e+01 1.389478e+01 1.120308e+02 1.319845e+03 5.268545e+01 5.544215e+01
81 1.374239e-01 1.283994e+01 1.396989e+01 1.128581e+02 1.318809e+03 5.277651e+01 5.553200e+01
82 1.390707e-01 1.298335e+01 1.403950e+01 1.136486e+02 1.318125e+03 5.286737e+01 5.562163e+01
83 1.407154e-01 1.312635e+01 1.411020e+01 1.143817e+02 1.317772e+03 5.295803e+01 5.595004e+01
84 1.423580e-01 1.326893e+01 1.418119e+01 1.151120e+02 1.318100e+03 5.304850e+01 5.603915e+01
85 1.439985e-01 1.341110e+01 1.424302e+01 1.158089e+02 1.318695e+03 5.313876e+01 5.612805e+01
86 1.456368e-01 1.355284e+01 1.429638e+01 1.164602e+02 1.319584e+03 5.322883e+01 5.621674e+01
87 1.472730e-01 1.369417e+01 1.434157e+01 1.170680e+02 1.320786e+03 5.331869e+01 5.630521e+01
88 1.489070e-01 1.383508e+01 1.437950e+01 1.176382e+02 1.322211e+03 5.340835e+01 5.639347e+01
89 1.505389e-01 1.397557e+01 1.440704e+01 1.181865e+02 1.324018e+03 5.349781e+01 5.648152e+01
90 1.521686e-01 1.411565e+01 1.442737e+01 1.187446e+02 1.326177e+03 5.358707e+01 5.656935e+01
91 1.537961e-01 1.425532e+01 1.444595e+01 1.192812e+02 1.328493e+03 5.367612e+01 5.665696e+01
92 1.554215e-01 1.439457e+01 1.445870e+01 1.197751e+02 1.330856e+03 5.376496e+01 5.674435e+01
93 1.570446e-01 1.453341e+01 1.446708e+01 1.202392e+02 1.333472e+03 5.385360e+01 5.683153e+01
94 1.586655e-01 1.467183e+01 1.446903e+01 1.206895e+02 1.336228e+03 5.394202e+01 5.691849e+01
95 1.602843e-01 1.480984e+01 1.447114e+01 1.211413e+02 1.339081e+03 5.403024e+01 5.700522e+01
96 1.619007e-01 1.494744e+01 1.446634e+01 1.215545e+02 1.341941e+03 5.411826e+01 5.709174e+01
97 1.635150e-01 1.508463e+01 1.445476e+01 1.219473e+02 1.345143e+03 5.420606e+01 5.717803e+01
98 1.651271e-01 1.522140e+01 1.443937e+01 1.223499e+02 1.348533e+03 5.429365e+01 5.726411e+01
99 1.667369e-01 1.535777e+01 1.442825e+01 1.227382e+02 1.351924e+03 5.438102e+01 5.734996e+01
100 1.683444e-01 1.549373e+01 1.440738e+01 1.231433e+02 1.355394e+03 5.446819e+01 5.743558e+01
101 1.699497e-01 1.562927e+01 1.437589e+01 1.235308e+02 1.358904e+03 5.455514e+01 5.752099e+01
102 1.715527e-01 1.576441e+01 1.434780e+01 1.239113e+02 1.362385e+03 5.464188e+01 5.760617e+01
103 1.731535e-01 1.589914e+01 1.431724e+01 1.243012e+02 1.365989e+03 5.472841e+01 5.769112e+01
104 1.747519e-01 1.603347e+01 1.428065e+01 1.246623e+02 1.369832e+03 5.481472e+01 5.777585e+01
105 1.763481e-01 1.616739e+01 1.423681e+01 1.250195e+02 1.373471e+03 5.490081e+01 5.786035e+01
106 1.779420e-01 1.630090e+01 1.420036e+01 1.254125e+02 1.377619e+03 5.498669e+01 5.794463e+01
107 1.795336e-01 1.643401e+01 1.416190e+01 1.258036e+02 1.381556e+03 5.507235e+01 5.802868e+01
108 1.811229e-01 1.656672e+01 1.412434e+01 1.261434e+02 1.385316e+03 5.515779e+01 5.811250e+01
109 1.827099e-01 1.669902e+01 1.409175e+01 1.264689e+02 1.389074e+03 5.524301e+01 5.843187e+01
110 1.842946e-01 1.683092e+01 1.406490e+01 1.267908e+02 1.393087e+03 5.532802e+01 5.851510e+01
111 1.858769e-01 1.696242e+01 1.403786e+01 1.271227e+02 1.396714e+03 5.541281e+01 5.859811e+01
112 1.874569e-01 1.709352e+01 1.400730e+01 1.274439e+02 1.400673e+03 5.549737e+01 5.868088e+01
113 1.890346e-01 1.722421e+01 1.397851e+01 1.277427e+02 1.404773e+03 5.558172e+01 5.876342e+01
114 1.906100e-01 1.735451e+01 1.394694e+01 1.280319e+02 1.408506e+03 5.566584e+01 5.884574e+01
115 1.921830e-01 1.748441e+01 1.391896e+01 1.282934e+02 1.412418e+03 5.574975e+01 5.892782e+01
116 1.937536e-01 1.761392e+01 1.389774e+01 1.285450e+02 1.416132e+03 5.583343e+01 5.924441e+01
117 1.953219e-01 1.774302e+01 1.387622e+01 1.288185e+02 1.419774e+03 5.591689e+01 5.932589e+01
118 1.968879e-01 1.787173e+01 1.385503e+01 1.290865e+02 1.423654e+03 5.600013e+01 5.940714e+01
119 1.984515e-01 1.800004e+01 1.383080e+01 1.293365e+02 1.427607e+03 5.608314e+01 5.948816e+01
120 2.000127e-01 1.812796e+01 1.380693e+01 1.295830e+02 1.431565e+03 5.616593e+01 5.956894e+01
121 2.015715e-01 1.825549e+01 1.378377e+01 1.298029e+02 1.435411e+03 5.624850e+01 5.964949e+01
122 2.031280e-01 1.838262e+01 1.376167e+01 1.299902e+02 1.439003e+03 5.633084e+01 5.996361e+01
123 2.046821e-01 1.850937e+01 1.374650e+01 1.301784e+02 1.442659e+03 5.641296e+01 6.004356e+01
124 2.062338e-01 1.863572e+01 1.373160e+01 1.303784e+02 1.446378e+03 5.649486e+01 6.012326e+01
125 2.077831e-01 1.876168e+01 1.371468e+01 1.305631e+02 1.450217e+03 5.657653e+01 6.020274e+01
126 2.093301e-01 1.888725e+01 1.369780e+01 1.307392e+02 1.453922e+03 5.665797e+01 6.028198e+01
127 2.108746e-01 1.901244e+01 1.368396e+01 1.309169e+02 1.457574e+03 5.673919e+01 6.036098e+01
128 2.124167e-01 1.913723e+01 1.366628e+01 1.310746e+02 1.461327e+03 5.682018e+01 6.043974e+01
129 2.139564e-01 1.926165e+01 1.364925e+01 1.312345e+02 1.464964e+03 5.690095e+01 6.075097e+01
130 2.154938e-01 1.938567e+01 1.364054e+01 1.314114e+02 1.468479e+03 5.698149e+01 6.082912e+01
131 2.170287e-01 1.950931e+01 1.362855e+01 1.315833e+02 1.472046e+03 5.706180e+01 6.090704e+01
132 2.185612e-01 1.963257e+01 1.361668e+01 1.317480e+02 1.475784e+03 5.714189e+01 6.098472e+01
133 2.200913e-01 1.975544e+01 1.360706e+01 1.319268e+02 1.479334e+03 5.722175e+01 6.106216e+01
134 2.216189e-01 1.987794e+01 1.359677e+01 1.321053e+02 1.482926e+03 5.730138e+01 6.113937e+01
135 2.231442e-01 2.000005e+01 1.358483e+01 1.322723e+02 1.486731e+03 5.738079e+01 6.121634e+01
136 2.246670e-01 2.012178e+01 1.357392e+01 1.324499e+02 1.490344e+03 5.745997e+01 6.129307e+01
137 2.261874e-01 2.024314e+01 1.356229e+01 1.326493e+02 1.493879e+03 5.753892e+01 6.136956e+01
138 2.277053e-01 2.036411e+01 1.355011e+01 1.328236e+02 1.497455e+03 5.761764e+01 6.144582e+01
139 2.292209e-01 2.048471e+01 1.353802e+01 1.329958e+02 1.500757e+03 5.769614e+01 6.152185e+01
140 2.307340e-01 2.060493e+01 1.352532e+01 1.331801e+02 1.504040e+03 5.777441e+01 6.159763e+01
141 2.322446e-01 2.072478e+01 1.351512e+01 1.333525e+02 1.507734e+03 5.785245e+01 6.167318e+01
142 2.337529e-01 2.084426e+01 1.350474e+01 1.335242e+02 1.511231e+03 5.793026e+01 6.174850e+01
143 2.352586e-01 2.096336e+01 1.349137e+01 1.337143e+02 1.514694e+03 5.800784e+01 6.182358e+01
144 2.367620e-01 2.108209e+01 1.347940e+01 1.338971e+02 1.518200e+03 5.808520e+01 6.189842e+01
145 2.382629e-01 2.120045e+01 1.346793e+01 1.340622e+02 1.521506e+03 5.816233e+01 6.197302e+01
146 2.397613e-01 2.131844e+01 1.345247e+01 1.342264e+02 1.524800e+03 5.823923e+01 6.204739e+01
147 2.412573e-01 2.143606e+01 1.342821e+01 1.343920e+02 1.527986e+03 5.831590e+01 6.212153e+01
148 2.427509e-01 2.155331e+01 1.340368e+01 1.345392e+02 1.531294e+03 5.839234e+01 6.219543e+01
149 2.442420e-01 2.167020e+01 1.338217e+01 1.347068e+02 1.534787e+03 5.846856e+01 6.226909e+01
150 2.457307e-01 2.178672e+01 1.336048e+01 1.348711e+02 1.538107e+03 5.854455e+01 6.234252e+01
151 2.472169e-01 2.190287e+01 1.333665e+01 1.350327e+02 1.541447e+03 5.862031e+01 6.241571e+01
152 2.487006e-01 2.201866e+01 1.331372e+01 1.351849e+02 1.545053e+03 5.869584e+01 6.248866e+01
153 2.501819e-01 2.213409e+01 1.328990e+01 1.353293e+02 1.548349e+03 5.877115e+01 6.256139e+01
154 2.516608e-01 2.224916e+01 1.326727e+01 1.354561e+02 1.551518e+03 5.884623e+01 6.263387e+01
155 2.531372e-01 2.236386e+01 1.324441e+01 1.355698e+02 1.554670e+03 5.892108e+01 6.270613e+01
156 2.546111e-01 2.247821e+01 1.322219e+01 1.357002e+02 1.557774e+03 5.899570e+01 6.277815e+01
157 2.560826e-01 2.259220e+01 1.320262e+01 1.358196e+02 1.561073e+03 5.907009e+01 6.284993e+01
158 2.575516e-01 2.270583e+01 1.318102e+01 1.359336e+02 1.564359e+03 5.914426e+01 6.292148e+01
159 2.590182e-01 2.281910e+01 1.315863e+01 1.360474e+02 1.567520e+03 5.921820e+01 6.299280e+01
160 2.604823e-01 2.293202e+01 1.313603e+01 1.361567e+02 1.570955e+03 5.929192e+01 6.306389e+01
161 2.619440e-01 2.304459e+01 1.311472e+01 1.362600e+02 1.574079e+03 5.936541e+01 6.313474e+01
162 2.634032e-01 2.315680e+01 1.309384e+01 1.363589e+02 1.577204e+03 5.943867e+01 6.320536e+01
163 2.648599e-01 2.326866e+01 1.307188e+01 1.364706e+02 1.580222e+03 5.951170e+01 6.327575e+01
164 2.663142e-01 2.338016e+01 1.304987e+01 1.365828e+02 1.583209e+03 5.958451e+01 6.334590e+01
165 2.677660e-01 2.349132e+01 1.303449e+01 1.366889e+02 1.586473e+03 5.965710e+01 6.318862e+01
166 2.692154e-01 2.360213e+01 1.301787e+01 1.367876e+02 1.589780e+03 5.972945e+01 6.325847e+01
167 2.706623e-01 2.371259e+01 1.300024e+01 1.368861e+02 1.592984e+03 5.980158e+01 6.332810e+01
168 2.721067e-01 2.382270e+01 1.298106e+01 1.369766e+02 1.596177e+03 5.987349e+01 6.339749e+01
169 2.735487e-01 2.393247e+01 1.296342e+01 1.370671e+02 1.599192e+03 5.994517e+01 6.346665e+01
170 2.749883e-01 2.404190e+01 1.294637e+01 1.371587e+02 1.602311e+03 6.001663e+01 6.353558e+01
171 2.764253e-01 2.415098e+01 1.292957e+01 1.372654e+02 1.605271e+03 6.008786e+01 6.360429e+01
172 2.778600e-01 2.425971e+01 1.291231e+01 1.373824e+02 1.608241e+03 6.015887e+01 6.367276e+01
173 2.792922e-01 2.436811e+01 1.289858e+01 1.374863e+02 1.611186e+03 6.022965e+01 6.374101e+01
174 2.807219e-01 2.447616e+01 1.288210e+01 1.375825e+02 1.614253e+03 6.030021e+01 6.380902e+01
175 2.821492e-01 2.458388e+01 1.285592e+01 1.376833e+02 1.617355e+03 6.037055e+01 6.387681e+01
176 2.835740e-01 2.469126e+01 1.283153e+01 1.377916e+02 1.620317e+03 6.044067e+01 6.394437e+01
177 2.849963e-01 2.479830e+01 1.280539e+01 1.378973e+02 1.623537e+03 6.051056e+01 6.401171e+01
178 2.864163e-01 2.490500e+01 1.279252e+01 1.380036e+02 1.625497e+03 6.058023e+01 6.407882e+01
179 2.878337e-01 2.501137e+01 1.276079e+01 1.381105e+02 1.629572e+03 6.064967e+01 6.414570e+01
180 2.892488e-01 2.511741e+01 1.275325e+01 1.382371e+02 1.630860e+03 6.071890e+01 6.421236e+01
181 2.906614e-01 2.522311e+01 1.271541e+01 1.383580e+02 1.635449e+03 6.078790e+01 6.427879e+01
182 2.920715e-01 2.532849e+01 1.270946e+01 1.384657e+02 1.636819e+03 6.085668e+01 6.434500e+01
183 2.934792e-01 2.543353e+01 1.266900e+01 1.385707e+02 1.641683e+03 6.092524e+01 6.463526e+01
184 2.948845e-01 2.553824e+01 1.266447e+01 1.386765e+02 1.642954e+03 6.099359e+01 6.470085e+01
185 2.962873e-01 2.564262e+01 1.262897e+01 1.387878e+02 1.647689e+03 6.106171e+01 6.476622e+01
186 2.976877e-01 2.574668e+01 1.262421e+01 1.389104e+02 1.648839e+03 6.112961e+01 6.483137e+01
187 2.990856e-01 2.585041e+01 1.259199e+01 1.390303e+02 1.653538e+03 6.119729e+01 6.489629e+01
188 3.004811e-01 2.595381e+01 1.258867e+01 1.391384e+02 1.654733e+03 6.126475e+01 6.496099e+01
189 3.018742e-01 2.605689e+01 1.255536e+01 1.392484e+02 1.659386e+03 6.133200e+01 6.502547e+01
190 3.032648e-01 2.615965e+01 1.255323e+01 1.393563e+02 1.660515e+03 6.139903e+01 6.508973e+01
191 3.046531e-01 2.626208e+01 1.252173e+01 1.394543e+02 1.665154e+03 6.146584e+01 6.537661e+01
192 3.060389e-01 2.636420e+01 1.251949e+01 1.395550e+02 1.666434e+03 6.153243e+01 6.544026e+01
193 3.074222e-01 2.646599e+01 1.249080e+01 1.396573e+02 1.671165e+03 6.159880e+01 6.550369e+01
194 3.088032e-01 2.656747e+01 1.248957e+01 1.397571e+02 1.672375e+03 6.166496e+01 6.556690e+01
195 3.101817e-01 2.666863e+01 1.246208e+01 1.398607e+02 1.676993e+03 6.173090e+01 6.562989e+01
196 3.115578e-01 2.676947e+01 1.246283e+01 1.399470e+02 1.678086e+03 6.179663e+01 6.569266e+01
197 3.129315e-01 2.687000e+01 1.243563e+01 1.400282e+02 1.682551e+03 6.186214e+01 6.597694e+01
198 3.143028e-01 2.697021e+01 1.243868e+01 1.401125e+02 1.683338e+03 6.192744e+01 6.603911e+01
199 3.156717e-01 2.707011e+01 1.241081e+01 1.401943e+02 1.688367e+03 6.199252e+01 6.610106e+01
200 3.170381e-01 2.716970e+01 1.241435e+01 1.402723e+02 1.689222e+03 6.205739e+01 6.616280e+01
201 3.184022e-01 2.726898e+01 1.238614e+01 1.403459e+02 1.694547e+03 6.212205e+01 6.622432e+01
202 3.197639e-01 2.736795e+01 1.239086e+01 1.404135e+02 1.695332e+03 6.218649e+01 6.628563e+01
203 3.211231e-01 2.746660e+01 1.236490e+01 1.404973e+02 1.700348e+03 6.225072e+01 6.634672e+01
204 3.224800e-01 2.756496e+01 1.236983e+01 1.405830e+02 1.701096e+03 6.231474e+01 6.640760e+01
205 3.238344e-01 2.766300e+01 1.234455e+01 1.406609e+02 1.706023e+03 6.237855e+01 6.646826e+01
206 3.251865e-01 2.776074e+01 1.234813e+01 1.407372e+02 1.706858e+03 6.244215e+01 6.652872e+01
207 3.265362e-01 2.785817e+01 1.231778e+01 1.408083e+02 1.711987e+03 6.250553e+01 6.658895e+01
208 3.278835e-01 2.795530e+01 1.232145e+01 1.408790e+02 1.712755e+03 6.256871e+01 6.664898e+01
209 3.292284e-01 2.805213e+01 1.229228e+01 1.409458e+02 1.717736e+03 6.263168e+01 6.670880e+01
210 3.305709e-01 2.814866e+01 1.229595e+01 1.410119e+02 1.718618e+03 6.269443e+01 6.676840e+01
211 3.319111e-01 2.824489e+01 1.226788e+01 1.410747e+02 1.723718e+03 6.275698e+01 6.682780e+01
212 3.332488e-01 2.834081e+01 1.227212e+01 1.411506e+02 1.724573e+03 6.281933e+01 6.688698e+01
213 3.345842e-01 2.843644e+01 1.224513e+01 1.412349e+02 1.729544e+03 6.288146e+01 6.694596e+01
214 3.359173e-01 2.853178e+01 1.225009e+01 1.413166e+02 1.730232e+03 6.294339e+01 6.700473e+01
215 3.372479e-01 2.862681e+01 1.221958e+01 1.413957e+02 1.735153e+03 6.300511e+01 6.706329e+01
216 3.385763e-01 2.872156e+01 1.222200e+01 1.414740e+02 1.735954e+03 6.306662e+01 6.712164e+01
217 3.399022e-01 2.881601e+01 1.219036e+01 1.415563e+02 1.741055e+03 6.312793e+01 6.717979e+01
218 3.412258e-01 2.891016e+01 1.219013e+01 1.416394e+02 1.742292e+03 6.318904e+01 6.723773e+01
219 3.425470e-01 2.900403e+01 1.216136e+01 1.417197e+02 1.747083e+03 6.324994e+01 6.729546e+01
220 3.438659e-01 2.909760e+01 1.216235e+01 1.418024e+02 1.748241e+03 6.331064e+01 6.735299e+01
221 3.451825e-01 2.919089e+01 1.213639e+01 1.418977e+02 1.752820e+03 6.337113e+01 6.741032e+01
222 3.464967e-01 2.928388e+01 1.213821e+01 1.419935e+02 1.753825e+03 6.343142e+01 6.746744e+01
223 3.478085e-01 2.937659e+01 1.211180e+01 1.420848e+02 1.758278e+03 6.349151e+01 6.752436e+01
224 3.491180e-01 2.946901e+01 1.210858e+01 1.421753e+02 1.759718e+03 6.355140e+01 6.758108e+01
225 3.504252e-01 2.956115e+01 1.207951e+01 1.422691e+02 1.764192e+03 6.361109e+01 6.763760e+01
226 3.517301e-01 2.965300e+01 1.207351e+01 1.423577e+02 1.766005e+03 6.367057e+01 6.769391e+01
227 3.530326e-01 2.974457e+01 1.204730e+01 1.424422e+02 1.770185e+03 6.372986e+01 6.775003e+01
228 3.543328e-01 2.983586e+01 1.203609e+01 1.425255e+02 1.772211e+03 6.378895e+01 6.780594e+01
229 3.556307e-01 2.992687e+01 1.200742e+01 1.426027e+02 1.776137e+03 6.384784e+01 6.786166e+01
230 3.569263e-01 3.001759e+01 1.199340e+01 1.426680e+02 1.778331e+03 6.390653e+01 6.791718e+01
231 3.582196e-01 3.010804e+01 1.196910e+01 1.427453e+02 1.781839e+03 6.396502e+01 6.797250e+01
232 3.595105e-01 3.019821e+01 1.195099e+01 1.428195e+02 1.784378e+03 6.402331e+01 6.802762e+01
233 3.607992e-01 3.028810e+01 1.192397e+01 1.428955e+02 1.787690e+03 6.408141e+01 6.808255e+01
234 3.620856e-01 3.037772e+01 1.190122e+01 1.429659e+02 1.790533e+03 6.413932e+01 6.813728e+01
235 3.633696e-01 3.046706e+01 1.187623e+01 1.430331e+02 1.793796e+03 6.419703e+01 6.819182e+01
236 3.646514e-01 3.055613e+01 1.185382e+01 1.430968e+02 1.796737e+03 6.425454e+01 6.824616e+01
237 3.659309e-01 3.064493e+01 1.183118e+01 1.431596e+02 1.799837e+03 6.431186e+01 6.830030e+01
238 3.672081e-01 3.073345e+01 1.181027e+01 1.432204e+02 1.802771e+03 6.436898e+01 6.835426e+01
239 3.684830e-01 3.082170e+01 1.178995e+01 1.432791e+02 1.805684e+03 6.442592e+01 6.840802e+01
240 3.697556e-01 3.090969e+01 1.177050e+01 1.433384e+02 1.808432e+03 6.448266e+01 6.846159e+01
241 3.710260e-01 3.099740e+01 1.174780e+01 1.434053e+02 1.811352e+03 6.453920e+01 6.851496e+01
242 3.722941e-01 3.108485e+01 1.172309e+01 1.434727e+02 1.814431e+03 6.459556e+01 6.856815e+01
243 3.735599e-01 3.117203e+01 1.169901e+01 1.435354e+02 1.817494e+03 6.465173e+01 6.862115e+01
244 3.748235e-01 3.125894e+01 1.167451e+01 1.435982e+02 1.820616e+03 6.470770e+01 6.867395e+01
245 3.760848e-01 3.134559e+01 1.165048e+01 1.436591e+02 1.823682e+03 6.476349e+01 6.872657e+01
246 3.773439e-01 3.143198e+01 1.162774e+01 1.437170e+02 1.826654e+03 6.481909e+01 6.877900e+01
247 3.786007e-01 3.151810e+01 1.160551e+01 1.437726e+02 1.829643e+03 6.487450e+01 6.883124e+01
248 3.798553e-01 3.160396e+01 1.158457e+01 1.438266e+02 1.832527e+03 6.492972e+01 6.888330e+01
249 3.811076e-01 3.168956e+01 1.156402e+01 1.438824e+02 1.835350e+03 6.498476e+01 6.893517e+01
250 3.823577e-01 3.177490e+01 1.154129e+01 1.439368e+02 1.838244e+03 6.503960e+01 6.898685e+01
251 3.836056e-01 3.185999e+01 1.151622e+01 1.439873e+02 1.841289e+03 6.509427e+01 6.903835e+01
252 3.848512e-01 3.194481e+01 1.149140e+01 1.440539e+02 1.844378e+03 6.514874e+01 6.908967e+01
253 3.860946e-01 3.202938e+01 1.146716e+01 1.441222e+02 1.847426e+03 6.520304e+01 6.914080e+01
254 3.873358e-01 3.211369e+01 1.144288e+01 1.441880e+02 1.850541e+03 6.525715e+01 6.919175e+01
255 3.885748e-01 3.219775e+01 1.141944e+01 1.442582e+02 1.853559e+03 6.531107e+01 6.924251e+01
256 3.898115e-01 3.228155e+01 1.139707e+01 1.443265e+02 1.856511e+03 6.536481e+01 6.929309e+01
257 3.910461e-01 3.236510e+01 1.137492e+01 1.443965e+02 1.859429e+03 6.541837e+01 6.934350e+01
258 3.922784e-01 3.244840e+01 1.135500e+01 1.444663e+02 1.862153e+03 6.547175e+01 6.960500e+01
259 3.935086e-01 3.253145e+01 1.133383e+01 1.445339e+02 1.865231e+03 6.552495e+01 6.965488e+01
260 3.947366e-01 3.261425e+01 1.131159e+01 1.445970e+02 1.868367e+03 6.557796e+01 6.970457e+01
261 3.959623e-01 3.269679e+01 1.128878e+01 1.446577e+02 1.871565e+03 6.563080e+01 6.975409e+01
262 3.971859e-01 3.277910e+01 1.126691e+01 1.447284e+02 1.874573e+03 6.568345e+01 7.001392e+01
263 3.984073e-01 3.286115e+01 1.124832e+01 1.448084e+02 1.877787e+03 6.573593e+01 7.006292e+01
264 3.996265e-01 3.294296e+01 1.123037e+01 1.448853e+02 1.880972e+03 6.578823e+01 7.011173e+01
265 4.008436e-01 3.302452e+01 1.121275e+01 1.449638e+02 1.884097e+03 6.584036e+01 7.016038e+01
266 4.020585e-01 3.310584e+01 1.119547e+01 1.450402e+02 1.887182e+03 6.589230e+01 7.020884e+01
267 4.032712e-01 3.318691e+01 1.117951e+01 1.451195e+02 1.890040e+03 6.594407e+01 7.046668e+01
268 4.044818e-01 3.326775e+01 1.116288e+01 1.451960e+02 1.893312e+03 6.599566e+01 7.051463e+01
269 4.056902e-01 3.334834e+01 1.114041e+01 1.452700e+02 1.896638e+03 6.604708e+01 7.056240e+01
270 4.068965e-01 3.342869e+01 1.111793e+01 1.453411e+02 1.899932e+03 6.609833e+01 7.061001e+01
271 4.081006e-01 3.350880e+01 1.109603e+01 1.454134e+02 1.903532e+03 6.614940e+01 7.044857e+01
272 4.093025e-01 3.358867e+01 1.107591e+01 1.454856e+02 1.906905e+03 6.620029e+01 7.049600e+01
273 4.105024e-01 3.366831e+01 1.105549e+01 1.455579e+02 1.910257e+03 6.625102e+01 7.054326e+01
274 4.117001e-01 3.374771e+01 1.103599e+01 1.456270e+02 1.913483e+03 6.630157e+01 7.059035e+01
275 4.128957e-01 3.382687e+01 1.101690e+01 1.456956e+02 1.916742e+03 6.635195e+01 7.063727e+01
276 4.140891e-01 3.390579e+01 1.099617e+01 1.457659e+02 1.920130e+03 6.640216e+01 7.068402e+01
277 4.152804e-01 3.398449e+01 1.097375e+01 1.458335e+02 1.923589e+03 6.645220e+01 7.073061e+01
278 4.164697e-01 3.406295e+01 1.095130e+01 1.458971e+02 1.927041e+03 6.650207e+01 7.077702e+01
279 4.176568e-01 3.414118e+01 1.092837e+01 1.459529e+02 1.930549e+03 6.655177e+01 7.082328e+01
280 4.188418e-01 3.421917e+01 1.090542e+01 1.460064e+02 1.934054e+03 6.660130e+01 7.086936e+01
281 4.200247e-01 3.429694e+01 1.088323e+01 1.460596e+02 1.937526e+03 6.665066e+01 7.091528e+01
282 4.212055e-01 3.437448e+01 1.086065e+01 1.461138e+02 1.940962e+03 6.669986e+01 7.096103e+01
283 4.223842e-01 3.445178e+01 1.083861e+01 1.461707e+02 1.944332e+03 6.674889e+01 7.100662e+01
284 4.235608e-01 3.452887e+01 1.081673e+01 1.462280e+02 1.947703e+03 6.679775e+01 7.105205e+01
285 4.247354e-01 3.460572e+01 1.079381e+01 1.462853e+02 1.951098e+03 6.684645e+01 7.109731e+01
286 4.259078e-01 3.468235e+01 1.076851e+01 1.463526e+02 1.954599e+03 6.689499e+01 7.114241e+01
287 4.270782e-01 3.475875e+01 1.074261e+01 1.464204e+02 1.958138e+03 6.694335e+01 7.118735e+01
288 4.282466e-01 3.483493e+01 1.071723e+01 1.464898e+02 1.961652e+03 6.699156e+01 7.123213e+01
289 4.294128e-01 3.491088e+01 1.069165e+01 1.465582e+02 1.965228e+03 6.703960e+01 7.127675e+01
290 4.305770e-01 3.498662e+01 1.066582e+01 1.466291e+02 1.968745e+03 6.708748e+01 7.132121e+01
291 4.317392e-01 3.506213e+01 1.064072e+01 1.466981e+02 1.972248e+03 6.713520e+01 7.136551e+01
