# it strain shortening ε_f δT D θ θc
1 0.000000e+00 0.000000e+00 1.446265e+00 5.684342e-14 6.190825e+03 4.500000e+01 4.486427e+01
2 1.770244e-03 1.768678e-01 1.495182e+00 1.793583e+00 6.009536e+03 4.510143e+01 4.496570e+01
3 3.539646e-03 3.533389e-01 1.542978e+00 3.413851e+00 5.769134e+03 4.520281e+01 4.506708e+01
4 5.308184e-03 5.294120e-01 1.592934e+00 5.072334e+00 5.538099e+03 4.530413e+01 4.516841e+01
5 7.075837e-03 7.050863e-01 1.645243e+00 6.699235e+00 5.317801e+03 4.540540e+01 4.526968e+01
6 8.842586e-03 8.803605e-01 1.700109e+00 8.295936e+00 5.111714e+03 4.550662e+01 4.564233e+01
7 1.060841e-02 1.055234e+00 1.757741e+00 9.863670e+00 4.915349e+03 4.560777e+01 4.574348e+01
8 1.237328e-02 1.229705e+00 1.818354e+00 1.140350e+01 4.729557e+03 4.570886e+01 4.584457e+01
9 1.413719e-02 1.403773e+00 1.882190e+00 1.291631e+01 4.553850e+03 4.580989e+01 4.594559e+01
10 1.590012e-02 1.577438e+00 1.949498e+00 1.441098e+01 4.387547e+03 4.591086e+01 4.604655e+01
11 1.766203e-02 1.750697e+00 2.020546e+00 1.594039e+01 4.229932e+03 4.601175e+01 4.614743e+01
12 1.942292e-02 1.923551e+00 2.095660e+00 1.746077e+01 4.079926e+03 4.611257e+01 4.624825e+01
13 2.118276e-02 2.095998e+00 2.175004e+00 1.897430e+01 3.938161e+03 4.621332e+01 4.634898e+01
14 2.294153e-02 2.268037e+00 2.258669e+00 2.051198e+01 3.805331e+03 4.631399e+01 4.644965e+01
15 2.469921e-02 2.439668e+00 2.346984e+00 2.205512e+01 3.680321e+03 4.641459e+01 4.655023e+01
16 2.645579e-02 2.610890e+00 2.440431e+00 2.359720e+01 3.565060e+03 4.651510e+01 4.692198e+01
17 2.821124e-02 2.781702e+00 2.539311e+00 2.513936e+01 3.451109e+03 4.661553e+01 4.702238e+01
18 2.996555e-02 2.952103e+00 2.643919e+00 2.668249e+01 3.342346e+03 4.671587e+01 4.712268e+01
19 3.171869e-02 3.122092e+00 2.754671e+00 2.823276e+01 3.238207e+03 4.681613e+01 4.722289e+01
20 3.347064e-02 3.291670e+00 2.871917e+00 2.979331e+01 3.138113e+03 4.691630e+01 4.732301e+01
21 3.522139e-02 3.460834e+00 2.995854e+00 3.136230e+01 3.042570e+03 4.701637e+01 4.742304e+01
22 3.697092e-02 3.629584e+00 3.126625e+00 3.296864e+01 2.951886e+03 4.711635e+01 4.779402e+01
23 3.871921e-02 3.797920e+00 3.264825e+00 3.458984e+01 2.864261e+03 4.721623e+01 4.789382e+01
24 4.046623e-02 3.965841e+00 3.411041e+00 3.621951e+01 2.779822e+03 4.731602e+01 4.799351e+01
25 4.221198e-02 4.133346e+00 3.565898e+00 3.785908e+01 2.698107e+03 4.741570e+01 4.809309e+01
26 4.395643e-02 4.300435e+00 3.729833e+00 3.950738e+01 2.618344e+03 4.751528e+01 4.846344e+01
27 4.569957e-02 4.467107e+00 3.903401e+00 4.116436e+01 2.541527e+03 4.761475e+01 4.856277e+01
28 4.744137e-02 4.633362e+00 4.086553e+00 4.288066e+01 2.467280e+03 4.771412e+01 4.866198e+01
29 4.918182e-02 4.799198e+00 4.279368e+00 4.461864e+01 2.395930e+03 4.781338e+01 4.876108e+01
30 5.092090e-02 4.964616e+00 4.483467e+00 4.636649e+01 2.325817e+03 4.791252e+01 4.913072e+01
31 5.265859e-02 5.129615e+00 4.699435e+00 4.812675e+01 2.258574e+03 4.801155e+01 4.922953e+01
32 5.439488e-02 5.294194e+00 4.927365e+00 4.989712e+01 2.192312e+03 4.811047e+01 4.959872e+01
33 5.612975e-02 5.458354e+00 5.168027e+00 5.167943e+01 2.129331e+03 4.820926e+01 4.969723e+01
34 5.786317e-02 5.622093e+00 5.420487e+00 5.353161e+01 2.068628e+03 4.830794e+01 4.979561e+01
35 5.959514e-02 5.785411e+00 5.686051e+00 5.539130e+01 2.009125e+03 4.840649e+01 5.016414e+01
36 6.132563e-02 5.948307e+00 5.965707e+00 5.725608e+01 1.952641e+03 4.850492e+01 5.026220e+01
37 6.305464e-02 6.110782e+00 6.257811e+00 5.912354e+01 1.898393e+03 4.860323e+01 5.036013e+01
38 6.478213e-02 6.272835e+00 6.561571e+00 6.099054e+01 1.846251e+03 4.870140e+01 5.045792e+01
39 6.650810e-02 6.434466e+00 6.877359e+00 6.289398e+01 1.796186e+03 4.879945e+01 5.055557e+01
40 6.823253e-02 6.595674e+00 7.204168e+00 6.481171e+01 1.748406e+03 4.889736e+01 5.065308e+01
41 6.995540e-02 6.756459e+00 7.542009e+00 6.671987e+01 1.702753e+03 4.899514e+01 5.075044e+01
42 7.167669e-02 6.916821e+00 7.889258e+00 6.861443e+01 1.659201e+03 4.909278e+01 5.084766e+01
43 7.339640e-02 7.076759e+00 8.243975e+00 7.049078e+01 1.617960e+03 4.919028e+01 5.094473e+01
44 7.511450e-02 7.236274e+00 8.605021e+00 7.238223e+01 1.578976e+03 4.928765e+01 5.104165e+01
45 7.683098e-02 7.395364e+00 8.969909e+00 7.428299e+01 1.542241e+03 4.938487e+01 5.113842e+01
46 7.854582e-02 7.554030e+00 9.335632e+00 7.615371e+01 1.507779e+03 4.948195e+01 5.123503e+01
47 8.025901e-02 7.712272e+00 9.703206e+00 7.798839e+01 1.474976e+03 4.957888e+01 5.160092e+01
48 8.197054e-02 7.870090e+00 1.007122e+01 7.978133e+01 1.444958e+03 4.967567e+01 5.169715e+01
49 8.368038e-02 8.027482e+00 1.043394e+01 8.155503e+01 1.416967e+03 4.977231e+01 5.179322e+01
50 8.538852e-02 8.184450e+00 1.078871e+01 8.330765e+01 1.390982e+03 4.986879e+01 5.188913e+01
51 8.709494e-02 8.340993e+00 1.113348e+01 8.503784e+01 1.366927e+03 4.996513e+01 5.198487e+01
52 8.879964e-02 8.497111e+00 1.146624e+01 8.671321e+01 1.344705e+03 5.006131e+01 5.208045e+01
53 9.050260e-02 8.652804e+00 1.179115e+01 8.832665e+01 1.323971e+03 5.015733e+01 5.244474e+01
54 9.220380e-02 8.808072e+00 1.210789e+01 8.989613e+01 1.305450e+03 5.025320e+01 5.253990e+01
55 9.390323e-02 8.962915e+00 1.240719e+01 9.142389e+01 1.288637e+03 5.034891e+01 5.263490e+01
56 9.560088e-02 9.117332e+00 1.268709e+01 9.288098e+01 1.273490e+03 5.044445e+01 5.272972e+01
57 9.729672e-02 9.271325e+00 1.294630e+01 9.426498e+01 1.259931e+03 5.053984e+01 5.282437e+01
58 9.899076e-02 9.424892e+00 1.318350e+01 9.557643e+01 1.247881e+03 5.063506e+01 5.291884e+01
59 1.006830e-01 9.578034e+00 1.339809e+01 9.689351e+01 1.237223e+03 5.073011e+01 5.301313e+01
60 1.023733e-01 9.730752e+00 1.359071e+01 9.815725e+01 1.227856e+03 5.082500e+01 5.310725e+01
61 1.040618e-01 9.883044e+00 1.376174e+01 9.936584e+01 1.219657e+03 5.091972e+01 5.320118e+01
62 1.057485e-01 1.003491e+01 1.392558e+01 1.005279e+02 1.212342e+03 5.101427e+01 5.356292e+01
63 1.074333e-01 1.018635e+01 1.408200e+01 1.016544e+02 1.206307e+03 5.110865e+01 5.365639e+01
64 1.091161e-01 1.033737e+01 1.421928e+01 1.027800e+02 1.201287e+03 5.120285e+01 5.374969e+01
65 1.107971e-01 1.048797e+01 1.433844e+01 1.038768e+02 1.197198e+03 5.129688e+01 5.384279e+01
66 1.124762e-01 1.063814e+01 1.444504e+01 1.049343e+02 1.193716e+03 5.139074e+01 5.420319e+01
67 1.141533e-01 1.078788e+01 1.455022e+01 1.059642e+02 1.191235e+03 5.148441e+01 5.429582e+01
68 1.158285e-01 1.093720e+01 1.464446e+01 1.069530e+02 1.189215e+03 5.157791e+01 5.465541e+01
69 1.175017e-01 1.108610e+01 1.473757e+01 1.079416e+02 1.188023e+03 5.167123e+01 5.474755e+01
70 1.191730e-01 1.123458e+01 1.481827e+01 1.088793e+02 1.187180e+03 5.176436e+01 5.510631e+01
71 1.208423e-01 1.138263e+01 1.490102e+01 1.097578e+02 1.187078e+03 5.185732e+01 5.519796e+01
72 1.225096e-01 1.153026e+01 1.496985e+01 1.105782e+02 1.187500e+03 5.195008e+01 5.528940e+01
73 1.241749e-01 1.167746e+01 1.504141e+01 1.113418e+02 1.188161e+03 5.204267e+01 5.564700e+01
74 1.258382e-01 1.182425e+01 1.510306e+01 1.120923e+02 1.189495e+03 5.213506e+01 5.573793e+01
75 1.274994e-01 1.197061e+01 1.515961e+01 1.127981e+02 1.191054e+03 5.222727e+01 5.609465e+01
76 1.291587e-01 1.211655e+01 1.521407e+01 1.134531e+02 1.193204e+03 5.231929e+01 5.618506e+01
77 1.308158e-01 1.226207e+01 1.525753e+01 1.140676e+02 1.195687e+03 5.241112e+01 5.627527e+01
78 1.324710e-01 1.240716e+01 1.530352e+01 1.146406e+02 1.198309e+03 5.250276e+01 5.663075e+01
79 1.341240e-01 1.255184e+01 1.534123e+01 1.152052e+02 1.201437e+03 5.259420e+01 5.672043e+01
80 1.357750e-01 1.269610e+01 1.536905e+01 1.157349e+02 1.204876e+03 5.268545e+01 5.680989e+01
81 1.374239e-01 1.283994e+01 1.538758e+01 1.162223e+02 1.208594e+03 5.277651e+01 5.689914e+01
82 1.390707e-01 1.298335e+01 1.539757e+01 1.166687e+02 1.212566e+03 5.286737e+01 5.698817e+01
83 1.407154e-01 1.312635e+01 1.540029e+01 1.170842e+02 1.216761e+03 5.295803e+01 5.707699e+01
84 1.423580e-01 1.326893e+01 1.539566e+01 1.175168e+02 1.221256e+03 5.304850e+01 5.716560e+01
85 1.439985e-01 1.341110e+01 1.537919e+01 1.179473e+02 1.225958e+03 5.313876e+01 5.725399e+01
86 1.456368e-01 1.355284e+01 1.535110e+01 1.183544e+02 1.230813e+03 5.322883e+01 5.734216e+01
87 1.472730e-01 1.369417e+01 1.531935e+01 1.187567e+02 1.235769e+03 5.331869e+01 5.743012e+01
88 1.489070e-01 1.383508e+01 1.528423e+01 1.191340e+02 1.240859e+03 5.340835e+01 5.751785e+01
89 1.505389e-01 1.397557e+01 1.524695e+01 1.195214e+02 1.246003e+03 5.349781e+01 5.760537e+01
90 1.521686e-01 1.411565e+01 1.520797e+01 1.199146e+02 1.251174e+03 5.358707e+01 5.769266e+01
91 1.537961e-01 1.425532e+01 1.516814e+01 1.202931e+02 1.256313e+03 5.367612e+01 5.777973e+01
92 1.554215e-01 1.439457e+01 1.512809e+01 1.206607e+02 1.261432e+03 5.376496e+01 5.786659e+01
93 1.570446e-01 1.453341e+01 1.508779e+01 1.210094e+02 1.266509e+03 5.385360e+01 5.795321e+01
94 1.586655e-01 1.467183e+01 1.504830e+01 1.213571e+02 1.271492e+03 5.394202e+01 5.803962e+01
95 1.602843e-01 1.480984e+01 1.501030e+01 1.217194e+02 1.276356e+03 5.403024e+01 5.812580e+01
96 1.619007e-01 1.494744e+01 1.497312e+01 1.220573e+02 1.281141e+03 5.411826e+01 5.821176e+01
97 1.635150e-01 1.508463e+01 1.493793e+01 1.223720e+02 1.285768e+03 5.420606e+01 5.829749e+01
98 1.651271e-01 1.522140e+01 1.490468e+01 1.226645e+02 1.290210e+03 5.429365e+01 5.838299e+01
99 1.667369e-01 1.535777e+01 1.487333e+01 1.229360e+02 1.294451e+03 5.438102e+01 5.846827e+01
100 1.683444e-01 1.549373e+01 1.484417e+01 1.232146e+02 1.298494e+03 5.446819e+01 5.855332e+01
101 1.699497e-01 1.562927e+01 1.481666e+01 1.234874e+02 1.302374e+03 5.455514e+01 5.863815e+01
102 1.715527e-01 1.576441e+01 1.479665e+01 1.237430e+02 1.306291e+03 5.464188e+01 5.846026e+01
103 1.731535e-01 1.589914e+01 1.478065e+01 1.239823e+02 1.309721e+03 5.472841e+01 5.854477e+01
104 1.747519e-01 1.603347e+01 1.476623e+01 1.242059e+02 1.312973e+03 5.481472e+01 5.862904e+01
105 1.763481e-01 1.616739e+01 1.475336e+01 1.244188e+02 1.316096e+03 5.490081e+01 5.871309e+01
106 1.779420e-01 1.630090e+01 1.474248e+01 1.246511e+02 1.319010e+03 5.498669e+01 5.879691e+01
107 1.795336e-01 1.643401e+01 1.473296e+01 1.248529e+02 1.321766e+03 5.507235e+01 5.888049e+01
108 1.811229e-01 1.656672e+01 1.472474e+01 1.250373e+02 1.324355e+03 5.515779e+01 5.896385e+01
109 1.827099e-01 1.669902e+01 1.471753e+01 1.252102e+02 1.326800e+03 5.524301e+01 5.904698e+01
110 1.842946e-01 1.683092e+01 1.470215e+01 1.253719e+02 1.329154e+03 5.532802e+01 5.912987e+01
111 1.858769e-01 1.696242e+01 1.468749e+01 1.255371e+02 1.331353e+03 5.541281e+01 5.921253e+01
112 1.874569e-01 1.709352e+01 1.467365e+01 1.257139e+02 1.333445e+03 5.549737e+01 5.929496e+01
113 1.890346e-01 1.722421e+01 1.466053e+01 1.258813e+02 1.335444e+03 5.558172e+01 5.937716e+01
114 1.906100e-01 1.735451e+01 1.464821e+01 1.260395e+02 1.337325e+03 5.566584e+01 5.945913e+01
115 1.921830e-01 1.748441e+01 1.463625e+01 1.261888e+02 1.339155e+03 5.574975e+01 5.954086e+01
116 1.937536e-01 1.761392e+01 1.462461e+01 1.263292e+02 1.340919e+03 5.583343e+01 5.962236e+01
117 1.953219e-01 1.774302e+01 1.461312e+01 1.264883e+02 1.342620e+03 5.591689e+01 5.970362e+01
118 1.968879e-01 1.787173e+01 1.460177e+01 1.266589e+02 1.344267e+03 5.600013e+01 5.978465e+01
119 1.984515e-01 1.800004e+01 1.459051e+01 1.268215e+02 1.345842e+03 5.608314e+01 5.986545e+01
120 2.000127e-01 1.812796e+01 1.457921e+01 1.269886e+02 1.347404e+03 5.616593e+01 5.994601e+01
121 2.015715e-01 1.825549e+01 1.456763e+01 1.271477e+02 1.348953e+03 5.624850e+01 6.002634e+01
122 2.031280e-01 1.838262e+01 1.455575e+01 1.273022e+02 1.350476e+03 5.633084e+01 6.010644e+01
123 2.046821e-01 1.850937e+01 1.454369e+01 1.274749e+02 1.351712e+03 5.641296e+01 6.044569e+01
124 2.062338e-01 1.863572e+01 1.453534e+01 1.276551e+02 1.353289e+03 5.649486e+01 6.052516e+01
125 2.077831e-01 1.876168e+01 1.452650e+01 1.278348e+02 1.354882e+03 5.657653e+01 6.060439e+01
126 2.093301e-01 1.888725e+01 1.451720e+01 1.280122e+02 1.356473e+03 5.665797e+01 6.068338e+01
127 2.108746e-01 1.901244e+01 1.450715e+01 1.281821e+02 1.358074e+03 5.673919e+01 6.076214e+01
128 2.124167e-01 1.913723e+01 1.449636e+01 1.283544e+02 1.359708e+03 5.682018e+01 6.084067e+01
129 2.139564e-01 1.926165e+01 1.448831e+01 1.285320e+02 1.361074e+03 5.690095e+01 6.117724e+01
130 2.154938e-01 1.938567e+01 1.448079e+01 1.287238e+02 1.362771e+03 5.698149e+01 6.125513e+01
131 2.170287e-01 1.950931e+01 1.447250e+01 1.289188e+02 1.364484e+03 5.706180e+01 6.133278e+01
132 2.185612e-01 1.963257e+01 1.446333e+01 1.291065e+02 1.366246e+03 5.714189e+01 6.141020e+01
133 2.200913e-01 1.975544e+01 1.445310e+01 1.292869e+02 1.368043e+03 5.722175e+01 6.148738e+01
134 2.216189e-01 1.987794e+01 1.444563e+01 1.294598e+02 1.369539e+03 5.730138e+01 6.182163e+01
135 2.231442e-01 2.000005e+01 1.443831e+01 1.296252e+02 1.371400e+03 5.738079e+01 6.189817e+01
136 2.246670e-01 2.012178e+01 1.442953e+01 1.298127e+02 1.373335e+03 5.745997e+01 6.197448e+01
137 2.261874e-01 2.024314e+01 1.441988e+01 1.299931e+02 1.375308e+03 5.753892e+01 6.205054e+01
138 2.277053e-01 2.036411e+01 1.440971e+01 1.301664e+02 1.376988e+03 5.761764e+01 6.238285e+01
139 2.292209e-01 2.048471e+01 1.440288e+01 1.303323e+02 1.379045e+03 5.769614e+01 6.245827e+01
140 2.307340e-01 2.060493e+01 1.439484e+01 1.304910e+02 1.381141e+03 5.777441e+01 6.253346e+01
141 2.322446e-01 2.072478e+01 1.438595e+01 1.306421e+02 1.383229e+03 5.785245e+01 6.260840e+01
142 2.337529e-01 2.084426e+01 1.437565e+01 1.307989e+02 1.385355e+03 5.793026e+01 6.268311e+01
143 2.352586e-01 2.096336e+01 1.436733e+01 1.309637e+02 1.387185e+03 5.800784e+01 6.301305e+01
144 2.367620e-01 2.108209e+01 1.436010e+01 1.311178e+02 1.389351e+03 5.808520e+01 6.308712e+01
145 2.382629e-01 2.120045e+01 1.435157e+01 1.312491e+02 1.391533e+03 5.816233e+01 6.316094e+01
146 2.397613e-01 2.131844e+01 1.434213e+01 1.313734e+02 1.393728e+03 5.823923e+01 6.323453e+01
147 2.412573e-01 2.143606e+01 1.433266e+01 1.314909e+02 1.395635e+03 5.831590e+01 6.356249e+01
148 2.427509e-01 2.155331e+01 1.432635e+01 1.316015e+02 1.397853e+03 5.839234e+01 6.363543e+01
149 2.442420e-01 2.167020e+01 1.431920e+01 1.317246e+02 1.400041e+03 5.846856e+01 6.370813e+01
150 2.457307e-01 2.178672e+01 1.431139e+01 1.318489e+02 1.402225e+03 5.854455e+01 6.378060e+01
151 2.472169e-01 2.190287e+01 1.430269e+01 1.319670e+02 1.404407e+03 5.862031e+01 6.385283e+01
152 2.487006e-01 2.201866e+01 1.429338e+01 1.320791e+02 1.406569e+03 5.869584e+01 6.392482e+01
153 2.501819e-01 2.213409e+01 1.428353e+01 1.321850e+02 1.408691e+03 5.877115e+01 6.399657e+01
154 2.516608e-01 2.224916e+01 1.427300e+01 1.322849e+02 1.410790e+03 5.884623e+01 6.406809e+01
155 2.531372e-01 2.236386e+01 1.426184e+01 1.323789e+02 1.412904e+03 5.892108e+01 6.413937e+01
156 2.546111e-01 2.247821e+01 1.425034e+01 1.324865e+02 1.415051e+03 5.899570e+01 6.421041e+01
157 2.560826e-01 2.259220e+01 1.423851e+01 1.325947e+02 1.417214e+03 5.907009e+01 6.428122e+01
158 2.575516e-01 2.270583e+01 1.422618e+01 1.327030e+02 1.419390e+03 5.914426e+01 6.435179e+01
159 2.590182e-01 2.281910e+01 1.421359e+01 1.328116e+02 1.421575e+03 5.921820e+01 6.442212e+01
160 2.604823e-01 2.293202e+01 1.420082e+01 1.329188e+02 1.423792e+03 5.929192e+01 6.449222e+01
161 2.619440e-01 2.304459e+01 1.418773e+01 1.330277e+02 1.426000e+03 5.936541e+01 6.456209e+01
162 2.634032e-01 2.315680e+01 1.417442e+01 1.331340e+02 1.428227e+03 5.943867e+01 6.463172e+01
163 2.648599e-01 2.326866e+01 1.415820e+01 1.332575e+02 1.430469e+03 5.951170e+01 6.470111e+01
164 2.663142e-01 2.338016e+01 1.413434e+01 1.333876e+02 1.432779e+03 5.958451e+01 6.477027e+01
165 2.677660e-01 2.349132e+01 1.411052e+01 1.335224e+02 1.435109e+03 5.965710e+01 6.483920e+01
166 2.692154e-01 2.360213e+01 1.408676e+01 1.336527e+02 1.437481e+03 5.972945e+01 6.490789e+01
167 2.706623e-01 2.371259e+01 1.406308e+01 1.337890e+02 1.439880e+03 5.980158e+01 6.497635e+01
168 2.721067e-01 2.382270e+01 1.403942e+01 1.339205e+02 1.442292e+03 5.987349e+01 6.504458e+01
169 2.735487e-01 2.393247e+01 1.401602e+01 1.340570e+02 1.444714e+03 5.994517e+01 6.511257e+01
170 2.749883e-01 2.404190e+01 1.399270e+01 1.341830e+02 1.447172e+03 6.001663e+01 6.518034e+01
171 2.764253e-01 2.415098e+01 1.396962e+01 1.343188e+02 1.449643e+03 6.008786e+01 6.524787e+01
172 2.778600e-01 2.425971e+01 1.394635e+01 1.344505e+02 1.452165e+03 6.015887e+01 6.531517e+01
173 2.792922e-01 2.436811e+01 1.392426e+01 1.345829e+02 1.454658e+03 6.022965e+01 6.538224e+01
174 2.807219e-01 2.447616e+01 1.390048e+01 1.347111e+02 1.457324e+03 6.030021e+01 6.544908e+01
175 2.821492e-01 2.458388e+01 1.389368e+01 1.348352e+02 1.459200e+03 6.037055e+01 6.526596e+01
176 2.835740e-01 2.469126e+01 1.386515e+01 1.349547e+02 1.462845e+03 6.044067e+01 6.533252e+01
177 2.849963e-01 2.479830e+01 1.386585e+01 1.350706e+02 1.463922e+03 6.051056e+01 6.539885e+01
178 2.864163e-01 2.490500e+01 1.383191e+01 1.351922e+02 1.468155e+03 6.058023e+01 6.546495e+01
179 2.878337e-01 2.501137e+01 1.383280e+01 1.353219e+02 1.469272e+03 6.064967e+01 6.553083e+01
180 2.892488e-01 2.511741e+01 1.379907e+01 1.354474e+02 1.473575e+03 6.071890e+01 6.559647e+01
181 2.906614e-01 2.522311e+01 1.380017e+01 1.355696e+02 1.474711e+03 6.078790e+01 6.566190e+01
182 2.920715e-01 2.532849e+01 1.376664e+01 1.356876e+02 1.479096e+03 6.085668e+01 6.572709e+01
183 2.934792e-01 2.543353e+01 1.376784e+01 1.357996e+02 1.480273e+03 6.092524e+01 6.579206e+01
184 2.948845e-01 2.553824e+01 1.373431e+01 1.358952e+02 1.484709e+03 6.099359e+01 6.585680e+01
185 2.962873e-01 2.564262e+01 1.373561e+01 1.359876e+02 1.485884e+03 6.106171e+01 6.592132e+01
186 2.976877e-01 2.574668e+01 1.370204e+01 1.360863e+02 1.490365e+03 6.112961e+01 6.598562e+01
187 2.990856e-01 2.585041e+01 1.369746e+01 1.361919e+02 1.491582e+03 6.119729e+01 6.604969e+01
188 3.004811e-01 2.595381e+01 1.365608e+01 1.362936e+02 1.496135e+03 6.126475e+01 6.611354e+01
189 3.018742e-01 2.605689e+01 1.364975e+01 1.363921e+02 1.497364e+03 6.133200e+01 6.617716e+01
190 3.032648e-01 2.615965e+01 1.360871e+01 1.364955e+02 1.501965e+03 6.139903e+01 6.624056e+01
191 3.046531e-01 2.626208e+01 1.360267e+01 1.365975e+02 1.503176e+03 6.146584e+01 6.630374e+01
192 3.060389e-01 2.636420e+01 1.356177e+01 1.367023e+02 1.507815e+03 6.153243e+01 6.636670e+01
193 3.074222e-01 2.646599e+01 1.355590e+01 1.368072e+02 1.509052e+03 6.159880e+01 6.642944e+01
194 3.088032e-01 2.656747e+01 1.351512e+01 1.369179e+02 1.513730e+03 6.166496e+01 6.649196e+01
195 3.101817e-01 2.666863e+01 1.350941e+01 1.370449e+02 1.515003e+03 6.173090e+01 6.655426e+01
196 3.115578e-01 2.676947e+01 1.346858e+01 1.371710e+02 1.519734e+03 6.179663e+01 6.661634e+01
197 3.129315e-01 2.687000e+01 1.346679e+01 1.373007e+02 1.520600e+03 6.186214e+01 6.667820e+01
198 3.143028e-01 2.697021e+01 1.342228e+01 1.374275e+02 1.525726e+03 6.192744e+01 6.673984e+01
199 3.156717e-01 2.707011e+01 1.342056e+01 1.375593e+02 1.526576e+03 6.199252e+01 6.680127e+01
200 3.170381e-01 2.716970e+01 1.337594e+01 1.376865e+02 1.531716e+03 6.205739e+01 6.686248e+01
201 3.184022e-01 2.726898e+01 1.337424e+01 1.377999e+02 1.532535e+03 6.212205e+01 6.692347e+01
202 3.197639e-01 2.736795e+01 1.332938e+01 1.379081e+02 1.537665e+03 6.218649e+01 6.698425e+01
203 3.211231e-01 2.746660e+01 1.332773e+01 1.380255e+02 1.538475e+03 6.225072e+01 6.704481e+01
204 3.224800e-01 2.756496e+01 1.328268e+01 1.381440e+02 1.543636e+03 6.231474e+01 6.710516e+01
205 3.238344e-01 2.766300e+01 1.328103e+01 1.382595e+02 1.544449e+03 6.237855e+01 6.716529e+01
206 3.251865e-01 2.776074e+01 1.323610e+01 1.383731e+02 1.549228e+03 6.244215e+01 6.746927e+01
207 3.265362e-01 2.785817e+01 1.323591e+01 1.384845e+02 1.550022e+03 6.250553e+01 6.752879e+01
208 3.278835e-01 2.795530e+01 1.319381e+01 1.385916e+02 1.555186e+03 6.256871e+01 6.758810e+01
209 3.292284e-01 2.805213e+01 1.319802e+01 1.386954e+02 1.555446e+03 6.263168e+01 6.764719e+01
210 3.305709e-01 2.814866e+01 1.315113e+01 1.387949e+02 1.561052e+03 6.269443e+01 6.770608e+01
211 3.319111e-01 2.824489e+01 1.315525e+01 1.388912e+02 1.561276e+03 6.275698e+01 6.776476e+01
212 3.332488e-01 2.834081e+01 1.311113e+01 1.389963e+02 1.566427e+03 6.281933e+01 6.806598e+01
213 3.345842e-01 2.843644e+01 1.311639e+01 1.391025e+02 1.566624e+03 6.288146e+01 6.812405e+01
214 3.359173e-01 2.853178e+01 1.307194e+01 1.391938e+02 1.572330e+03 6.294339e+01 6.818191e+01
215 3.372479e-01 2.862681e+01 1.307705e+01 1.392820e+02 1.572637e+03 6.300511e+01 6.823957e+01
216 3.385763e-01 2.872156e+01 1.303333e+01 1.393662e+02 1.577875e+03 6.306662e+01 6.853884e+01
217 3.399022e-01 2.881601e+01 1.303950e+01 1.394472e+02 1.578146e+03 6.312793e+01 6.859590e+01
218 3.412258e-01 2.891016e+01 1.299713e+01 1.395252e+02 1.583802e+03 6.318904e+01 6.865274e+01
219 3.425470e-01 2.900403e+01 1.300313e+01 1.396052e+02 1.584054e+03 6.324994e+01 6.870938e+01
220 3.438659e-01 2.909760e+01 1.295989e+01 1.396842e+02 1.589679e+03 6.331064e+01 6.876582e+01
221 3.451825e-01 2.919089e+01 1.296240e+01 1.397703e+02 1.589913e+03 6.337113e+01 6.906276e+01
222 3.464967e-01 2.928388e+01 1.292565e+01 1.398662e+02 1.595055e+03 6.343142e+01 6.911860e+01
223 3.478085e-01 2.937659e+01 1.292822e+01 1.399610e+02 1.595735e+03 6.349151e+01 6.917424e+01
224 3.491180e-01 2.946901e+01 1.289058e+01 1.400571e+02 1.600892e+03 6.355140e+01 6.922967e+01
225 3.504252e-01 2.956115e+01 1.289285e+01 1.401525e+02 1.601576e+03 6.361109e+01 6.928491e+01
226 3.517301e-01 2.965300e+01 1.285697e+01 1.402474e+02 1.606254e+03 6.367057e+01 6.957952e+01
227 3.530326e-01 2.974457e+01 1.286030e+01 1.403392e+02 1.606906e+03 6.372986e+01 6.963416e+01
228 3.543328e-01 2.983586e+01 1.282394e+01 1.404270e+02 1.612012e+03 6.378895e+01 6.968861e+01
229 3.556307e-01 2.992687e+01 1.282340e+01 1.405117e+02 1.613023e+03 6.384784e+01 6.974286e+01
230 3.569263e-01 3.001759e+01 1.278953e+01 1.405925e+02 1.617712e+03 6.390653e+01 6.979691e+01
231 3.582196e-01 3.010804e+01 1.278863e+01 1.406812e+02 1.618720e+03 6.396502e+01 6.985076e+01
232 3.595105e-01 3.019821e+01 1.275378e+01 1.407705e+02 1.623448e+03 6.402331e+01 6.990441e+01
233 3.607992e-01 3.028810e+01 1.274695e+01 1.408569e+02 1.625052e+03 6.408141e+01 6.995787e+01
234 3.620856e-01 3.037772e+01 1.271659e+01 1.409398e+02 1.629181e+03 6.413932e+01 7.001113e+01
235 3.633696e-01 3.046706e+01 1.270467e+01 1.410198e+02 1.631190e+03 6.419703e+01 7.006419e+01
236 3.646514e-01 3.055613e+01 1.267036e+01 1.410963e+02 1.634949e+03 6.425454e+01 7.011707e+01
237 3.659309e-01 3.064493e+01 1.264745e+01 1.411699e+02 1.637444e+03 6.431186e+01 7.016974e+01
238 3.672081e-01 3.073345e+01 1.261694e+01 1.412332e+02 1.640718e+03 6.436898e+01 7.022223e+01
239 3.684830e-01 3.082170e+01 1.259124e+01 1.412924e+02 1.643448e+03 6.442592e+01 7.027452e+01
240 3.697556e-01 3.090969e+01 1.256616e+01 1.413483e+02 1.646975e+03 6.448266e+01 7.008964e+01
241 3.710260e-01 3.099740e+01 1.254385e+01 1.414089e+02 1.649769e+03 6.453920e+01 7.014174e+01
242 3.722941e-01 3.108485e+01 1.252020e+01 1.414729e+02 1.652699e+03 6.459556e+01 7.019364e+01
243 3.735599e-01 3.117203e+01 1.249695e+01 1.415341e+02 1.655566e+03 6.465173e+01 7.024535e+01
244 3.748235e-01 3.125894e+01 1.247312e+01 1.415924e+02 1.658440e+03 6.470770e+01 7.029688e+01
245 3.760848e-01 3.134559e+01 1.244925e+01 1.416478e+02 1.661297e+03 6.476349e+01 7.034821e+01
246 3.773439e-01 3.143198e+01 1.242493e+01 1.417004e+02 1.664164e+03 6.481909e+01 7.039936e+01
247 3.786007e-01 3.151810e+01 1.240045e+01 1.417537e+02 1.667051e+03 6.487450e+01 7.045032e+01
248 3.798553e-01 3.160396e+01 1.237565e+01 1.418062e+02 1.669946e+03 6.492972e+01 7.050109e+01
249 3.811076e-01 3.168956e+01 1.235057e+01 1.418590e+02 1.672836e+03 6.498476e+01 7.055168e+01
250 3.823577e-01 3.177490e+01 1.232523e+01 1.419121e+02 1.675700e+03 6.503960e+01 7.060208e+01
251 3.836056e-01 3.185999e+01 1.229963e+01 1.419643e+02 1.678528e+03 6.509427e+01 7.065230e+01
252 3.848512e-01 3.194481e+01 1.227377e+01 1.420287e+02 1.681404e+03 6.514874e+01 7.070234e+01
253 3.860946e-01 3.202938e+01 1.224760e+01 1.420949e+02 1.684307e+03 6.520304e+01 7.075219e+01
254 3.873358e-01 3.211369e+01 1.222119e+01 1.421602e+02 1.687182e+03 6.525715e+01 7.080186e+01
255 3.885748e-01 3.219775e+01 1.219450e+01 1.422229e+02 1.690013e+03 6.531107e+01 7.085134e+01
256 3.898115e-01 3.228155e+01 1.216757e+01 1.422830e+02 1.692827e+03 6.536481e+01 7.090065e+01
257 3.910461e-01 3.236510e+01 1.214039e+01 1.423400e+02 1.695663e+03 6.541837e+01 7.094977e+01
258 3.922784e-01 3.244840e+01 1.211285e+01 1.423895e+02 1.698511e+03 6.547175e+01 7.099872e+01
259 3.935086e-01 3.253145e+01 1.208514e+01 1.424365e+02 1.701351e+03 6.552495e+01 7.104748e+01
260 3.947366e-01 3.261425e+01 1.205326e+01 1.424809e+02 1.704218e+03 6.557796e+01 7.109607e+01
261 3.959623e-01 3.269679e+01 1.201974e+01 1.425228e+02 1.707093e+03 6.563080e+01 7.114448e+01
262 3.971859e-01 3.277910e+01 1.198607e+01 1.425622e+02 1.709979e+03 6.568345e+01 7.119271e+01
263 3.984073e-01 3.286115e+01 1.195220e+01 1.426067e+02 1.712863e+03 6.573593e+01 7.124077e+01
264 3.996265e-01 3.294296e+01 1.191813e+01 1.426537e+02 1.715772e+03 6.578823e+01 7.128865e+01
265 4.008436e-01 3.302452e+01 1.188387e+01 1.426986e+02 1.718700e+03 6.584036e+01 7.133635e+01
266 4.020585e-01 3.310584e+01 1.184952e+01 1.427411e+02 1.721678e+03 6.589230e+01 7.138388e+01
267 4.032712e-01 3.318691e+01 1.181501e+01 1.427815e+02 1.724669e+03 6.594407e+01 7.143124e+01
268 4.044818e-01 3.326775e+01 1.178040e+01 1.428215e+02 1.727678e+03 6.599566e+01 7.147842e+01
269 4.056902e-01 3.334834e+01 1.174553e+01 1.428598e+02 1.730621e+03 6.604708e+01 7.152543e+01
270 4.068965e-01 3.342869e+01 1.171041e+01 1.428923e+02 1.733609e+03 6.609833e+01 7.157227e+01
271 4.081006e-01 3.350880e+01 1.167521e+01 1.429211e+02 1.736687e+03 6.614940e+01 7.161894e+01
272 4.093025e-01 3.358867e+01 1.163989e+01 1.429506e+02 1.739775e+03 6.620029e+01 7.166543e+01
273 4.105024e-01 3.366831e+01 1.160449e+01 1.429809e+02 1.742878e+03 6.625102e+01 7.171176e+01
274 4.117001e-01 3.374771e+01 1.156898e+01 1.430114e+02 1.746007e+03 6.630157e+01 7.175792e+01
275 4.128957e-01 3.382687e+01 1.153321e+01 1.430504e+02 1.749137e+03 6.635195e+01 7.180391e+01
276 4.140891e-01 3.390579e+01 1.149711e+01 1.430936e+02 1.752225e+03 6.640216e+01 7.184973e+01
277 4.152804e-01 3.398449e+01 1.146281e+01 1.431378e+02 1.756566e+03 6.645220e+01 7.166506e+01
278 4.164697e-01 3.406295e+01 1.142975e+01 1.431806e+02 1.759849e+03 6.650207e+01 7.171073e+01
279 4.176568e-01 3.414118e+01 1.139650e+01 1.432219e+02 1.763131e+03 6.655177e+01 7.175623e+01
280 4.188418e-01 3.421917e+01 1.136302e+01 1.432707e+02 1.766472e+03 6.660130e+01 7.180157e+01
281 4.200247e-01 3.429694e+01 1.132928e+01 1.433184e+02 1.769876e+03 6.665066e+01 7.184675e+01
282 4.212055e-01 3.437448e+01 1.129530e+01 1.433648e+02 1.773274e+03 6.669986e+01 7.189176e+01
283 4.223842e-01 3.445178e+01 1.126089e+01 1.434101e+02 1.776627e+03 6.674889e+01 7.193660e+01
284 4.235608e-01 3.452887e+01 1.122625e+01 1.434543e+02 1.780016e+03 6.679775e+01 7.198129e+01
285 4.247354e-01 3.460572e+01 1.119135e+01 1.434972e+02 1.783512e+03 6.684645e+01 7.202581e+01
286 4.259078e-01 3.468235e+01 1.115627e+01 1.435359e+02 1.787201e+03 6.689499e+01 7.207017e+01
287 4.270782e-01 3.475875e+01 1.111945e+01 1.435725e+02 1.790936e+03 6.694335e+01 7.211436e+01
288 4.282466e-01 3.483493e+01 1.107967e+01 1.436079e+02 1.794619e+03 6.699156e+01 7.215840e+01
289 4.294128e-01 3.491088e+01 1.103964e+01 1.436421e+02 1.798326e+03 6.703960e+01 7.220228e+01
290 4.305770e-01 3.498662e+01 1.099927e+01 1.436751e+02 1.802139e+03 6.708748e+01 7.224600e+01
291 4.317392e-01 3.506213e+01 1.095865e+01 1.437068e+02 1.806024e+03 6.713520e+01 7.228956e+01
