# it strain shortening ε_f δT D θ θc
1 0.000000e+00 0.000000e+00 1.446265e+00 5.684342e-14 6.190825e+03 4.500000e+01 4.486427e+01
2 1.770244e-03 1.768678e-01 1.494998e+00 1.723227e+00 6.002982e+03 4.510143e+01 4.496570e+01
3 3.539646e-03 3.533389e-01 1.542616e+00 3.406799e+00 5.759977e+03 4.520281e+01 4.506708e+01
4 5.308184e-03 5.294120e-01 1.592383e+00 5.061242e+00 5.528441e+03 4.530413e+01 4.516841e+01
5 7.075837e-03 7.050863e-01 1.644480e+00 6.683756e+00 5.308807e+03 4.540540e+01 4.526968e+01
6 8.842586e-03 8.803605e-01 1.699096e+00 8.275643e+00 5.104114e+03 4.550662e+01 4.564233e+01
7 1.060841e-02 1.055234e+00 1.756441e+00 9.838050e+00 4.909444e+03 4.560777e+01 4.574348e+01
8 1.237328e-02 1.229705e+00 1.816718e+00 1.137196e+01 4.725538e+03 4.570886e+01 4.584457e+01
9 1.413719e-02 1.403773e+00 1.880159e+00 1.287818e+01 4.551790e+03 4.580989e+01 4.594559e+01
10 1.590012e-02 1.577438e+00 1.946999e+00 1.435735e+01 4.387454e+03 4.591086e+01 4.604655e+01
11 1.766203e-02 1.750697e+00 2.017502e+00 1.580994e+01 4.231753e+03 4.601175e+01 4.614743e+01
12 1.942292e-02 1.923551e+00 2.091976e+00 1.729156e+01 4.083598e+03 4.611257e+01 4.624825e+01
13 2.118276e-02 2.095998e+00 2.170575e+00 1.881140e+01 3.943592e+03 4.621332e+01 4.634898e+01
14 2.294153e-02 2.268037e+00 2.253374e+00 2.034462e+01 3.812445e+03 4.631399e+01 4.644965e+01
15 2.469921e-02 2.439668e+00 2.340682e+00 2.187555e+01 3.689057e+03 4.641459e+01 4.655023e+01
16 2.645579e-02 2.610890e+00 2.432948e+00 2.340527e+01 3.571857e+03 4.651510e+01 4.665073e+01
17 2.821124e-02 2.781702e+00 2.530483e+00 2.493479e+01 3.462872e+03 4.661553e+01 4.702238e+01
18 2.996555e-02 2.952103e+00 2.633572e+00 2.646491e+01 3.355486e+03 4.671587e+01 4.712268e+01
19 3.171869e-02 3.122092e+00 2.742593e+00 2.799643e+01 3.252653e+03 4.681613e+01 4.722289e+01
20 3.347064e-02 3.291670e+00 2.857872e+00 2.953503e+01 3.153805e+03 4.691630e+01 4.732301e+01
21 3.522139e-02 3.460834e+00 2.979586e+00 3.110290e+01 3.059441e+03 4.701637e+01 4.742304e+01
22 3.697092e-02 3.629584e+00 3.107801e+00 3.269899e+01 2.969339e+03 4.711635e+01 4.752297e+01
23 3.871921e-02 3.797920e+00 3.243102e+00 3.430200e+01 2.883513e+03 4.721623e+01 4.789382e+01
24 4.046623e-02 3.965841e+00 3.386100e+00 3.591231e+01 2.800201e+03 4.731602e+01 4.799351e+01
25 4.221198e-02 4.133346e+00 3.537357e+00 3.753158e+01 2.719583e+03 4.741570e+01 4.809309e+01
26 4.395643e-02 4.300435e+00 3.697220e+00 3.915883e+01 2.641320e+03 4.751528e+01 4.819257e+01
27 4.569957e-02 4.467107e+00 3.866195e+00 4.079373e+01 2.565173e+03 4.761475e+01 4.856277e+01
28 4.744137e-02 4.633362e+00 4.044345e+00 4.249114e+01 2.491923e+03 4.771412e+01 4.866198e+01
29 4.918182e-02 4.799198e+00 4.231657e+00 4.420352e+01 2.421565e+03 4.781338e+01 4.876108e+01
30 5.092090e-02 4.964616e+00 4.429389e+00 4.592476e+01 2.352497e+03 4.791252e+01 4.913072e+01
31 5.265859e-02 5.129615e+00 4.638569e+00 4.765641e+01 2.286184e+03 4.801155e+01 4.922953e+01
32 5.439488e-02 5.294194e+00 4.859022e+00 4.939792e+01 2.221818e+03 4.811047e+01 4.932822e+01
33 5.612975e-02 5.458354e+00 5.091332e+00 5.115463e+01 2.158690e+03 4.820926e+01 4.969723e+01
34 5.786317e-02 5.622093e+00 5.334951e+00 5.297475e+01 2.098778e+03 4.830794e+01 4.979561e+01
35 5.959514e-02 5.785411e+00 5.590494e+00 5.480158e+01 2.040035e+03 4.840649e+01 5.016414e+01
36 6.132563e-02 5.948307e+00 5.859640e+00 5.663282e+01 1.984217e+03 4.850492e+01 5.026220e+01
37 6.305464e-02 6.110782e+00 6.140601e+00 5.846622e+01 1.930555e+03 4.860323e+01 5.036013e+01
38 6.478213e-02 6.272835e+00 6.432490e+00 6.029889e+01 1.878941e+03 4.870140e+01 5.045792e+01
39 6.650810e-02 6.434466e+00 6.735747e+00 6.217262e+01 1.829298e+03 4.879945e+01 5.055557e+01
40 6.823253e-02 6.595674e+00 7.049450e+00 6.405533e+01 1.781847e+03 4.889736e+01 5.065308e+01
41 6.995540e-02 6.756459e+00 7.373677e+00 6.592903e+01 1.736437e+03 4.899514e+01 5.075044e+01
42 7.167669e-02 6.916821e+00 7.707109e+00 6.778995e+01 1.693002e+03 4.909278e+01 5.084766e+01
43 7.339640e-02 7.076759e+00 8.047839e+00 6.963392e+01 1.651772e+03 4.919028e+01 5.094473e+01
44 7.511450e-02 7.236274e+00 8.394949e+00 7.149719e+01 1.612705e+03 4.928765e+01 5.104165e+01
45 7.683098e-02 7.395364e+00 8.746385e+00 7.336759e+01 1.575767e+03 4.938487e+01 5.113842e+01
46 7.854582e-02 7.554030e+00 9.099154e+00 7.521035e+01 1.541025e+03 4.948195e+01 5.123503e+01
47 8.025901e-02 7.712272e+00 9.452972e+00 7.701984e+01 1.507832e+03 4.957888e+01 5.160092e+01
48 8.197054e-02 7.870090e+00 9.809342e+00 7.879070e+01 1.477358e+03 4.967567e+01 5.169715e+01
49 8.368038e-02 8.027482e+00 1.016147e+01 8.055052e+01 1.448839e+03 4.977231e+01 5.179322e+01
50 8.538852e-02 8.184450e+00 1.050713e+01 8.228746e+01 1.422243e+03 4.986879e+01 5.188913e+01
51 8.709494e-02 8.340993e+00 1.084413e+01 8.400249e+01 1.397520e+03 4.996513e+01 5.198487e+01
52 8.879964e-02 8.497111e+00 1.117093e+01 8.566799e+01 1.374555e+03 5.006131e+01 5.208045e+01
53 9.050260e-02 8.652804e+00 1.148953e+01 8.727542e+01 1.353008e+03 5.015733e+01 5.244474e+01
54 9.220380e-02 8.808072e+00 1.180278e+01 8.884771e+01 1.333645e+03 5.025320e+01 5.253990e+01
55 9.390323e-02 8.962915e+00 1.210061e+01 9.037681e+01 1.315936e+03 5.034891e+01 5.263490e+01
56 9.560088e-02 9.117332e+00 1.238069e+01 9.183888e+01 1.299874e+03 5.044445e+01 5.272972e+01
57 9.729672e-02 9.271325e+00 1.264187e+01 9.323123e+01 1.285363e+03 5.053984e+01 5.282437e+01
58 9.899076e-02 9.424892e+00 1.288235e+01 9.455302e+01 1.272369e+03 5.063506e+01 5.291884e+01
59 1.006830e-01 9.578034e+00 1.310150e+01 9.588687e+01 1.260764e+03 5.073011e+01 5.301313e+01
60 1.023733e-01 9.730752e+00 1.329948e+01 9.716497e+01 1.250470e+03 5.082500e+01 5.310725e+01
61 1.040618e-01 9.883044e+00 1.347675e+01 9.838896e+01 1.241359e+03 5.091972e+01 5.320118e+01
62 1.057485e-01 1.003491e+01 1.364614e+01 9.956786e+01 1.233135e+03 5.101427e+01 5.356292e+01
63 1.074333e-01 1.018635e+01 1.380867e+01 1.007117e+02 1.226240e+03 5.110865e+01 5.365639e+01
64 1.091161e-01 1.033737e+01 1.395250e+01 1.018599e+02 1.220375e+03 5.120285e+01 5.374969e+01
65 1.107971e-01 1.048797e+01 1.407837e+01 1.029760e+02 1.215488e+03 5.129688e+01 5.384279e+01
66 1.124762e-01 1.063814e+01 1.419261e+01 1.040517e+02 1.211217e+03 5.139074e+01 5.420319e+01
67 1.141533e-01 1.078788e+01 1.430433e+01 1.051021e+02 1.208007e+03 5.148441e+01 5.429582e+01
68 1.158285e-01 1.093720e+01 1.440671e+01 1.061124e+02 1.205285e+03 5.157791e+01 5.465541e+01
69 1.175017e-01 1.108610e+01 1.450608e+01 1.071240e+02 1.203440e+03 5.167123e+01 5.474755e+01
70 1.191730e-01 1.123458e+01 1.459560e+01 1.080803e+02 1.201965e+03 5.176436e+01 5.510631e+01
71 1.208423e-01 1.138263e+01 1.468420e+01 1.089774e+02 1.201277e+03 5.185732e+01 5.519796e+01
72 1.225096e-01 1.153026e+01 1.475986e+01 1.098164e+02 1.200917e+03 5.195008e+01 5.555586e+01
73 1.241749e-01 1.167746e+01 1.483946e+01 1.105985e+02 1.201273e+03 5.204267e+01 5.564700e+01
74 1.258382e-01 1.182425e+01 1.490646e+01 1.113712e+02 1.202115e+03 5.213506e+01 5.573793e+01
75 1.274994e-01 1.197061e+01 1.497285e+01 1.120944e+02 1.203194e+03 5.222727e+01 5.609465e+01
76 1.291587e-01 1.211655e+01 1.503227e+01 1.127683e+02 1.204901e+03 5.231929e+01 5.618506e+01
77 1.308158e-01 1.226207e+01 1.508406e+01 1.134063e+02 1.206759e+03 5.241112e+01 5.654087e+01
78 1.324710e-01 1.240716e+01 1.513685e+01 1.139955e+02 1.209198e+03 5.250276e+01 5.663075e+01
79 1.341240e-01 1.255184e+01 1.517898e+01 1.145800e+02 1.211958e+03 5.259420e+01 5.672043e+01
80 1.357750e-01 1.269610e+01 1.521095e+01 1.151246e+02 1.215053e+03 5.268545e+01 5.680989e+01
81 1.374239e-01 1.283994e+01 1.523345e+01 1.156262e+02 1.218447e+03 5.277651e+01 5.689914e+01
82 1.390707e-01 1.298335e+01 1.524702e+01 1.160862e+02 1.222125e+03 5.286737e+01 5.698817e+01
83 1.407154e-01 1.312635e+01 1.525328e+01 1.165276e+02 1.226025e+03 5.295803e+01 5.707699e+01
84 1.423580e-01 1.326893e+01 1.525174e+01 1.169785e+02 1.230262e+03 5.304850e+01 5.716560e+01
85 1.439985e-01 1.341110e+01 1.523773e+01 1.174327e+02 1.234743e+03 5.313876e+01 5.725399e+01
86 1.456368e-01 1.355284e+01 1.521219e+01 1.178637e+02 1.239397e+03 5.322883e+01 5.734216e+01
87 1.472730e-01 1.369417e+01 1.518262e+01 1.182780e+02 1.244175e+03 5.331869e+01 5.743012e+01
88 1.489070e-01 1.383508e+01 1.514957e+01 1.186802e+02 1.249104e+03 5.340835e+01 5.751785e+01
89 1.505389e-01 1.397557e+01 1.511381e+01 1.190819e+02 1.254128e+03 5.349781e+01 5.760537e+01
90 1.521686e-01 1.411565e+01 1.507600e+01 1.194993e+02 1.259209e+03 5.358707e+01 5.769266e+01
91 1.537961e-01 1.425532e+01 1.503705e+01 1.198932e+02 1.264281e+03 5.367612e+01 5.777973e+01
92 1.554215e-01 1.439457e+01 1.499761e+01 1.202782e+02 1.269350e+03 5.376496e+01 5.786659e+01
93 1.570446e-01 1.453341e+01 1.495770e+01 1.206462e+02 1.274401e+03 5.385360e+01 5.795321e+01
94 1.586655e-01 1.467183e+01 1.491816e+01 1.210106e+02 1.279391e+03 5.394202e+01 5.803962e+01
95 1.602843e-01 1.480984e+01 1.488003e+01 1.213792e+02 1.284276e+03 5.403024e+01 5.812580e+01
96 1.619007e-01 1.494744e+01 1.484260e+01 1.217227e+02 1.289093e+03 5.411826e+01 5.821176e+01
97 1.635150e-01 1.508463e+01 1.480662e+01 1.220423e+02 1.293795e+03 5.420606e+01 5.829749e+01
98 1.651271e-01 1.522140e+01 1.477275e+01 1.223392e+02 1.298315e+03 5.429365e+01 5.838299e+01
99 1.667369e-01 1.535777e+01 1.474054e+01 1.226143e+02 1.302652e+03 5.438102e+01 5.846827e+01
100 1.683444e-01 1.549373e+01 1.471053e+01 1.229004e+02 1.306792e+03 5.446819e+01 5.855332e+01
101 1.699497e-01 1.562927e+01 1.468219e+01 1.231755e+02 1.310772e+03 5.455514e+01 5.863815e+01
102 1.715527e-01 1.576441e+01 1.465556e+01 1.234330e+02 1.314580e+03 5.464188e+01 5.872274e+01
103 1.731535e-01 1.589914e+01 1.463127e+01 1.236736e+02 1.318137e+03 5.472841e+01 5.880711e+01
104 1.747519e-01 1.603347e+01 1.461532e+01 1.238981e+02 1.321724e+03 5.481472e+01 5.862904e+01
105 1.763481e-01 1.616739e+01 1.460125e+01 1.241159e+02 1.324974e+03 5.490081e+01 5.871309e+01
106 1.779420e-01 1.630090e+01 1.458904e+01 1.243481e+02 1.328016e+03 5.498669e+01 5.879691e+01
107 1.795336e-01 1.643401e+01 1.457849e+01 1.245495e+02 1.330878e+03 5.507235e+01 5.888049e+01
108 1.811229e-01 1.656672e+01 1.456936e+01 1.247332e+02 1.333564e+03 5.515779e+01 5.896385e+01
109 1.827099e-01 1.669902e+01 1.456123e+01 1.249052e+02 1.336095e+03 5.524301e+01 5.904698e+01
110 1.842946e-01 1.683092e+01 1.454525e+01 1.250657e+02 1.338541e+03 5.532802e+01 5.912987e+01
111 1.858769e-01 1.696242e+01 1.453019e+01 1.252338e+02 1.340819e+03 5.541281e+01 5.921253e+01
112 1.874569e-01 1.709352e+01 1.451607e+01 1.254090e+02 1.342972e+03 5.549737e+01 5.929496e+01
113 1.890346e-01 1.722421e+01 1.450266e+01 1.255747e+02 1.345030e+03 5.558172e+01 5.937716e+01
114 1.906100e-01 1.735451e+01 1.449005e+01 1.257310e+02 1.346971e+03 5.566584e+01 5.945913e+01
115 1.921830e-01 1.748441e+01 1.447811e+01 1.258837e+02 1.348825e+03 5.574975e+01 5.954086e+01
116 1.937536e-01 1.761392e+01 1.446642e+01 1.260353e+02 1.350618e+03 5.583343e+01 5.962236e+01
117 1.953219e-01 1.774302e+01 1.445499e+01 1.262007e+02 1.352337e+03 5.591689e+01 5.970362e+01
118 1.968879e-01 1.787173e+01 1.444370e+01 1.263790e+02 1.353998e+03 5.600013e+01 5.978465e+01
119 1.984515e-01 1.800004e+01 1.443261e+01 1.265520e+02 1.355571e+03 5.608314e+01 5.986545e+01
120 2.000127e-01 1.812796e+01 1.442163e+01 1.267180e+02 1.357114e+03 5.616593e+01 5.994601e+01
121 2.015715e-01 1.825549e+01 1.441433e+01 1.268874e+02 1.358367e+03 5.624850e+01 6.028605e+01
122 2.031280e-01 1.838262e+01 1.440693e+01 1.270485e+02 1.359863e+03 5.633084e+01 6.036599e+01
123 2.046821e-01 1.850937e+01 1.439944e+01 1.272274e+02 1.361324e+03 5.641296e+01 6.044569e+01
124 2.062338e-01 1.863572e+01 1.439145e+01 1.274176e+02 1.362857e+03 5.649486e+01 6.052516e+01
125 2.077831e-01 1.876168e+01 1.438291e+01 1.276002e+02 1.364412e+03 5.657653e+01 6.060439e+01
126 2.093301e-01 1.888725e+01 1.437480e+01 1.277832e+02 1.365660e+03 5.665797e+01 6.094215e+01
127 2.108746e-01 1.901244e+01 1.436978e+01 1.279627e+02 1.367196e+03 5.673919e+01 6.102075e+01
128 2.124167e-01 1.913723e+01 1.436408e+01 1.281346e+02 1.368764e+03 5.682018e+01 6.109912e+01
129 2.139564e-01 1.926165e+01 1.435783e+01 1.283249e+02 1.370361e+03 5.690095e+01 6.117724e+01
130 2.154938e-01 1.938567e+01 1.435068e+01 1.285247e+02 1.371987e+03 5.698149e+01 6.125513e+01
131 2.170287e-01 1.950931e+01 1.434284e+01 1.287173e+02 1.373318e+03 5.706180e+01 6.159059e+01
132 2.185612e-01 1.963257e+01 1.433888e+01 1.289027e+02 1.375003e+03 5.714189e+01 6.166784e+01
133 2.200913e-01 1.975544e+01 1.433394e+01 1.290809e+02 1.376723e+03 5.722175e+01 6.174486e+01
134 2.216189e-01 1.987794e+01 1.432799e+01 1.292517e+02 1.378466e+03 5.730138e+01 6.182163e+01
135 2.231442e-01 2.000005e+01 1.432108e+01 1.294189e+02 1.380251e+03 5.738079e+01 6.189817e+01
136 2.246670e-01 2.012178e+01 1.431392e+01 1.296043e+02 1.381764e+03 5.745997e+01 6.223129e+01
137 2.261874e-01 2.024314e+01 1.430939e+01 1.297828e+02 1.383681e+03 5.753892e+01 6.230719e+01
138 2.277053e-01 2.036411e+01 1.430402e+01 1.299542e+02 1.385617e+03 5.761764e+01 6.238285e+01
139 2.292209e-01 2.048471e+01 1.429748e+01 1.301185e+02 1.387611e+03 5.769614e+01 6.245827e+01
140 2.307340e-01 2.060493e+01 1.428988e+01 1.302755e+02 1.389630e+03 5.777441e+01 6.253346e+01
141 2.322446e-01 2.072478e+01 1.428406e+01 1.304252e+02 1.391332e+03 5.785245e+01 6.286421e+01
142 2.337529e-01 2.084426e+01 1.427912e+01 1.305841e+02 1.393388e+03 5.793026e+01 6.293875e+01
143 2.352586e-01 2.096336e+01 1.427294e+01 1.307474e+02 1.395502e+03 5.800784e+01 6.301305e+01
144 2.367620e-01 2.108209e+01 1.426582e+01 1.309002e+02 1.397622e+03 5.808520e+01 6.308712e+01
145 2.382629e-01 2.120045e+01 1.425821e+01 1.310300e+02 1.399406e+03 5.816233e+01 6.341588e+01
146 2.397613e-01 2.131844e+01 1.425367e+01 1.311529e+02 1.401567e+03 5.823923e+01 6.348930e+01
147 2.412573e-01 2.143606e+01 1.424829e+01 1.312691e+02 1.403770e+03 5.831590e+01 6.356249e+01
148 2.427509e-01 2.155331e+01 1.424203e+01 1.313784e+02 1.405950e+03 5.839234e+01 6.363543e+01
149 2.442420e-01 2.167020e+01 1.423481e+01 1.315037e+02 1.408101e+03 5.846856e+01 6.370813e+01
150 2.457307e-01 2.178672e+01 1.422683e+01 1.316267e+02 1.410258e+03 5.854455e+01 6.378060e+01
151 2.472169e-01 2.190287e+01 1.421818e+01 1.317435e+02 1.412407e+03 5.862031e+01 6.385283e+01
152 2.487006e-01 2.201866e+01 1.420871e+01 1.318543e+02 1.414542e+03 5.869584e+01 6.392482e+01
153 2.501819e-01 2.213409e+01 1.419867e+01 1.319590e+02 1.416650e+03 5.877115e+01 6.399657e+01
154 2.516608e-01 2.224916e+01 1.418804e+01 1.320577e+02 1.418727e+03 5.884623e+01 6.406809e+01
155 2.531372e-01 2.236386e+01 1.417675e+01 1.321504e+02 1.420813e+03 5.892108e+01 6.413937e+01
156 2.546111e-01 2.247821e+01 1.416512e+01 1.322601e+02 1.422935e+03 5.899570e+01 6.421041e+01
157 2.560826e-01 2.259220e+01 1.415308e+01 1.323771e+02 1.425085e+03 5.907009e+01 6.428122e+01
158 2.575516e-01 2.270583e+01 1.414058e+01 1.324895e+02 1.427235e+03 5.914426e+01 6.435179e+01
159 2.590182e-01 2.281910e+01 1.412780e+01 1.326049e+02 1.429391e+03 5.921820e+01 6.442212e+01
160 2.604823e-01 2.293202e+01 1.411490e+01 1.327176e+02 1.431581e+03 5.929192e+01 6.449222e+01
161 2.619440e-01 2.304459e+01 1.410159e+01 1.328317e+02 1.433777e+03 5.936541e+01 6.456209e+01
162 2.634032e-01 2.315680e+01 1.408812e+01 1.329446e+02 1.435983e+03 5.943867e+01 6.463172e+01
163 2.648599e-01 2.326866e+01 1.407176e+01 1.330748e+02 1.438206e+03 5.951170e+01 6.470111e+01
164 2.663142e-01 2.338016e+01 1.404788e+01 1.332126e+02 1.440501e+03 5.958451e+01 6.477027e+01
165 2.677660e-01 2.349132e+01 1.402402e+01 1.333494e+02 1.442807e+03 5.965710e+01 6.483920e+01
166 2.692154e-01 2.360213e+01 1.400026e+01 1.334885e+02 1.445153e+03 5.972945e+01 6.490789e+01
167 2.706623e-01 2.371259e+01 1.397652e+01 1.336253e+02 1.447538e+03 5.980158e+01 6.497635e+01
168 2.721067e-01 2.382270e+01 1.395280e+01 1.337657e+02 1.449929e+03 5.987349e+01 6.504458e+01
169 2.735487e-01 2.393247e+01 1.392928e+01 1.339014e+02 1.452338e+03 5.994517e+01 6.511257e+01
170 2.749883e-01 2.404190e+01 1.390607e+01 1.340285e+02 1.454764e+03 6.001663e+01 6.518034e+01
171 2.764253e-01 2.415098e+01 1.388282e+01 1.341622e+02 1.457228e+03 6.008786e+01 6.524787e+01
172 2.778600e-01 2.425971e+01 1.385966e+01 1.342918e+02 1.459711e+03 6.015887e+01 6.531517e+01
173 2.792922e-01 2.436811e+01 1.383685e+01 1.344171e+02 1.462246e+03 6.022965e+01 6.538224e+01
174 2.807219e-01 2.447616e+01 1.381399e+01 1.345383e+02 1.464811e+03 6.030021e+01 6.544908e+01
175 2.821492e-01 2.458388e+01 1.379159e+01 1.346582e+02 1.467359e+03 6.037055e+01 6.551569e+01
176 2.835740e-01 2.469126e+01 1.377039e+01 1.347763e+02 1.470346e+03 6.044067e+01 6.533252e+01
177 2.849963e-01 2.479830e+01 1.375561e+01 1.348903e+02 1.472795e+03 6.051056e+01 6.539885e+01
178 2.864163e-01 2.490500e+01 1.373624e+01 1.350134e+02 1.475681e+03 6.058023e+01 6.546495e+01
179 2.878337e-01 2.501137e+01 1.373388e+01 1.351411e+02 1.477071e+03 6.064967e+01 6.553083e+01
180 2.892488e-01 2.511741e+01 1.370313e+01 1.352647e+02 1.481067e+03 6.071890e+01 6.559647e+01
181 2.906614e-01 2.522311e+01 1.370412e+01 1.353850e+02 1.482183e+03 6.078790e+01 6.566190e+01
182 2.920715e-01 2.532849e+01 1.367058e+01 1.355011e+02 1.486538e+03 6.085668e+01 6.572709e+01
183 2.934792e-01 2.543353e+01 1.367172e+01 1.356112e+02 1.487699e+03 6.092524e+01 6.579206e+01
184 2.948845e-01 2.553824e+01 1.363819e+01 1.357050e+02 1.492110e+03 6.099359e+01 6.585680e+01
185 2.962873e-01 2.564262e+01 1.363938e+01 1.357953e+02 1.493269e+03 6.106171e+01 6.592132e+01
186 2.976877e-01 2.574668e+01 1.360581e+01 1.358950e+02 1.497732e+03 6.112961e+01 6.598562e+01
187 2.990856e-01 2.585041e+01 1.360126e+01 1.359986e+02 1.498934e+03 6.119729e+01 6.604969e+01
188 3.004811e-01 2.595381e+01 1.356005e+01 1.361001e+02 1.503462e+03 6.126475e+01 6.611354e+01
189 3.018742e-01 2.605689e+01 1.355378e+01 1.362057e+02 1.504677e+03 6.133200e+01 6.617716e+01
190 3.032648e-01 2.615965e+01 1.351282e+01 1.363107e+02 1.509262e+03 6.139903e+01 6.624056e+01
191 3.046531e-01 2.626208e+01 1.350685e+01 1.364180e+02 1.510462e+03 6.146584e+01 6.630374e+01
192 3.060389e-01 2.636420e+01 1.346618e+01 1.365260e+02 1.515080e+03 6.153243e+01 6.636670e+01
193 3.074222e-01 2.646599e+01 1.346035e+01 1.366345e+02 1.516306e+03 6.159880e+01 6.642944e+01
194 3.088032e-01 2.656747e+01 1.341966e+01 1.367527e+02 1.520978e+03 6.166496e+01 6.649196e+01
195 3.101817e-01 2.666863e+01 1.341401e+01 1.368815e+02 1.522237e+03 6.173090e+01 6.655426e+01
196 3.115578e-01 2.676947e+01 1.337340e+01 1.370140e+02 1.526955e+03 6.179663e+01 6.661634e+01
197 3.129315e-01 2.687000e+01 1.337165e+01 1.371448e+02 1.527812e+03 6.186214e+01 6.667820e+01
198 3.143028e-01 2.697021e+01 1.332733e+01 1.372785e+02 1.532931e+03 6.192744e+01 6.673984e+01
199 3.156717e-01 2.707011e+01 1.332564e+01 1.374091e+02 1.533773e+03 6.199252e+01 6.680127e+01
200 3.170381e-01 2.716970e+01 1.328122e+01 1.375350e+02 1.538910e+03 6.205739e+01 6.686248e+01
201 3.184022e-01 2.726898e+01 1.327958e+01 1.376468e+02 1.539720e+03 6.212205e+01 6.692347e+01
202 3.197639e-01 2.736795e+01 1.323496e+01 1.377534e+02 1.544845e+03 6.218649e+01 6.698425e+01
203 3.211231e-01 2.746660e+01 1.323333e+01 1.378717e+02 1.545650e+03 6.225072e+01 6.704481e+01
204 3.224800e-01 2.756496e+01 1.319014e+01 1.379888e+02 1.550393e+03 6.231474e+01 6.734959e+01
205 3.238344e-01 2.766300e+01 1.319002e+01 1.381028e+02 1.551197e+03 6.237855e+01 6.740953e+01
206 3.251865e-01 2.776074e+01 1.314850e+01 1.382124e+02 1.556381e+03 6.244215e+01 6.746927e+01
207 3.265362e-01 2.785817e+01 1.315277e+01 1.383188e+02 1.556680e+03 6.250553e+01 6.752879e+01
208 3.278835e-01 2.795530e+01 1.310654e+01 1.384228e+02 1.562309e+03 6.256871e+01 6.758810e+01
209 3.292284e-01 2.805213e+01 1.311158e+01 1.385255e+02 1.562138e+03 6.263168e+01 6.789051e+01
210 3.305709e-01 2.814866e+01 1.306851e+01 1.386241e+02 1.567742e+03 6.269443e+01 6.794921e+01
211 3.319111e-01 2.824489e+01 1.307384e+01 1.387193e+02 1.567960e+03 6.275698e+01 6.800770e+01
212 3.332488e-01 2.834081e+01 1.303006e+01 1.388257e+02 1.573535e+03 6.281933e+01 6.806598e+01
213 3.345842e-01 2.843644e+01 1.303527e+01 1.389309e+02 1.573726e+03 6.288146e+01 6.812405e+01
214 3.359173e-01 2.853178e+01 1.299334e+01 1.390212e+02 1.578995e+03 6.294339e+01 6.842412e+01
215 3.372479e-01 2.862681e+01 1.299543e+01 1.391082e+02 1.579780e+03 6.300511e+01 6.848158e+01
216 3.385763e-01 2.872156e+01 1.295779e+01 1.391913e+02 1.584992e+03 6.306662e+01 6.853884e+01
217 3.399022e-01 2.881601e+01 1.295966e+01 1.392735e+02 1.585740e+03 6.312793e+01 6.859590e+01
218 3.412258e-01 2.891016e+01 1.292196e+01 1.393558e+02 1.590479e+03 6.318904e+01 6.889401e+01
219 3.425470e-01 2.900403e+01 1.292502e+01 1.394391e+02 1.591206e+03 6.324994e+01 6.895046e+01
220 3.438659e-01 2.909760e+01 1.288903e+01 1.395204e+02 1.596370e+03 6.331064e+01 6.900671e+01
221 3.451825e-01 2.919089e+01 1.288831e+01 1.396138e+02 1.597452e+03 6.337113e+01 6.906276e+01
222 3.464967e-01 2.928388e+01 1.285482e+01 1.397120e+02 1.602193e+03 6.343142e+01 6.911860e+01
223 3.478085e-01 2.937659e+01 1.285446e+01 1.398113e+02 1.602800e+03 6.349151e+01 6.941437e+01
224 3.491180e-01 2.946901e+01 1.282302e+01 1.399103e+02 1.607575e+03 6.355140e+01 6.946962e+01
225 3.504252e-01 2.956115e+01 1.282315e+01 1.400086e+02 1.608650e+03 6.361109e+01 6.952467e+01
226 3.517301e-01 2.965300e+01 1.279082e+01 1.401028e+02 1.613396e+03 6.367057e+01 6.957952e+01
227 3.530326e-01 2.974457e+01 1.278766e+01 1.401939e+02 1.614767e+03 6.372986e+01 6.963416e+01
228 3.543328e-01 2.983586e+01 1.275722e+01 1.402810e+02 1.619175e+03 6.378895e+01 6.968861e+01
229 3.556307e-01 2.992687e+01 1.275122e+01 1.403650e+02 1.620780e+03 6.384784e+01 6.974286e+01
230 3.569263e-01 3.001759e+01 1.272233e+01 1.404452e+02 1.624893e+03 6.390653e+01 6.979691e+01
231 3.582196e-01 3.010804e+01 1.271214e+01 1.405352e+02 1.626908e+03 6.396502e+01 6.985076e+01
232 3.595105e-01 3.019821e+01 1.268616e+01 1.406240e+02 1.630621e+03 6.402331e+01 6.990441e+01
233 3.607992e-01 3.028810e+01 1.267182e+01 1.407096e+02 1.633022e+03 6.408141e+01 6.995787e+01
234 3.620856e-01 3.037772e+01 1.264848e+01 1.407920e+02 1.636376e+03 6.413932e+01 7.001113e+01
235 3.633696e-01 3.046706e+01 1.263043e+01 1.408712e+02 1.639042e+03 6.419703e+01 7.006419e+01
236 3.646514e-01 3.055613e+01 1.260205e+01 1.409473e+02 1.642138e+03 6.425454e+01 7.011707e+01
237 3.659309e-01 3.064493e+01 1.257615e+01 1.410201e+02 1.644951e+03 6.431186e+01 7.016974e+01
238 3.672081e-01 3.073345e+01 1.254859e+01 1.410828e+02 1.647914e+03 6.436898e+01 7.022223e+01
239 3.684830e-01 3.082170e+01 1.252183e+01 1.411411e+02 1.650753e+03 6.442592e+01 7.027452e+01
240 3.697556e-01 3.090969e+01 1.249429e+01 1.411963e+02 1.653634e+03 6.448266e+01 7.032662e+01
241 3.710260e-01 3.099740e+01 1.247036e+01 1.412580e+02 1.657013e+03 6.453920e+01 7.014174e+01
242 3.722941e-01 3.108485e+01 1.244717e+01 1.413214e+02 1.659855e+03 6.459556e+01 7.019364e+01
243 3.735599e-01 3.117203e+01 1.242379e+01 1.413818e+02 1.662712e+03 6.465173e+01 7.024535e+01
244 3.748235e-01 3.125894e+01 1.240008e+01 1.414394e+02 1.665588e+03 6.470770e+01 7.029688e+01
245 3.760848e-01 3.134559e+01 1.237620e+01 1.414951e+02 1.668454e+03 6.476349e+01 7.034821e+01
246 3.773439e-01 3.143198e+01 1.235198e+01 1.415514e+02 1.671329e+03 6.481909e+01 7.039936e+01
247 3.786007e-01 3.151810e+01 1.232753e+01 1.416078e+02 1.674163e+03 6.487450e+01 7.045032e+01
248 3.798553e-01 3.160396e+01 1.230279e+01 1.416633e+02 1.677050e+03 6.492972e+01 7.050109e+01
249 3.811076e-01 3.168956e+01 1.227782e+01 1.417199e+02 1.679961e+03 6.498476e+01 7.055168e+01
250 3.823577e-01 3.177490e+01 1.225255e+01 1.417760e+02 1.682846e+03 6.503960e+01 7.060208e+01
251 3.836056e-01 3.185999e+01 1.222703e+01 1.418313e+02 1.685701e+03 6.509427e+01 7.065230e+01
252 3.848512e-01 3.194481e+01 1.220126e+01 1.419010e+02 1.688534e+03 6.514874e+01 7.070234e+01
253 3.860946e-01 3.202938e+01 1.217524e+01 1.419685e+02 1.691387e+03 6.520304e+01 7.075219e+01
254 3.873358e-01 3.211369e+01 1.214893e+01 1.420334e+02 1.694286e+03 6.525715e+01 7.080186e+01
255 3.885748e-01 3.219775e+01 1.212236e+01 1.420957e+02 1.697161e+03 6.531107e+01 7.085134e+01
256 3.898115e-01 3.228155e+01 1.209553e+01 1.421554e+02 1.699974e+03 6.536481e+01 7.090065e+01
257 3.910461e-01 3.236510e+01 1.206846e+01 1.422119e+02 1.702790e+03 6.541837e+01 7.094977e+01
258 3.922784e-01 3.244840e+01 1.204117e+01 1.422609e+02 1.705629e+03 6.547175e+01 7.099872e+01
259 3.935086e-01 3.253145e+01 1.201356e+01 1.423073e+02 1.708486e+03 6.552495e+01 7.104748e+01
260 3.947366e-01 3.261425e+01 1.198186e+01 1.423512e+02 1.711312e+03 6.557796e+01 7.109607e+01
261 3.959623e-01 3.269679e+01 1.194855e+01 1.423926e+02 1.714183e+03 6.563080e+01 7.114448e+01
262 3.971859e-01 3.277910e+01 1.191510e+01 1.424314e+02 1.717064e+03 6.568345e+01 7.119271e+01
263 3.984073e-01 3.286115e+01 1.188149e+01 1.424770e+02 1.719962e+03 6.573593e+01 7.124077e+01
264 3.996265e-01 3.294296e+01 1.184775e+01 1.425235e+02 1.722871e+03 6.578823e+01 7.128865e+01
265 4.008436e-01 3.302452e+01 1.181378e+01 1.425678e+02 1.725740e+03 6.584036e+01 7.133635e+01
266 4.020585e-01 3.310584e+01 1.177959e+01 1.426098e+02 1.728665e+03 6.589230e+01 7.138388e+01
267 4.032712e-01 3.318691e+01 1.174529e+01 1.426496e+02 1.731638e+03 6.594407e+01 7.143124e+01
268 4.044818e-01 3.326775e+01 1.171085e+01 1.426873e+02 1.734642e+03 6.599566e+01 7.147842e+01
269 4.056902e-01 3.334834e+01 1.167632e+01 1.427227e+02 1.737665e+03 6.604708e+01 7.152543e+01
270 4.068965e-01 3.342869e+01 1.164165e+01 1.427560e+02 1.740686e+03 6.609833e+01 7.157227e+01
271 4.081006e-01 3.350880e+01 1.160661e+01 1.427879e+02 1.743653e+03 6.614940e+01 7.161894e+01
272 4.093025e-01 3.358867e+01 1.157145e+01 1.428204e+02 1.746707e+03 6.620029e+01 7.166543e+01
273 4.105024e-01 3.366831e+01 1.153622e+01 1.428538e+02 1.749808e+03 6.625102e+01 7.171176e+01
274 4.117001e-01 3.374771e+01 1.150085e+01 1.428965e+02 1.752926e+03 6.630157e+01 7.175792e+01
275 4.128957e-01 3.382687e+01 1.146540e+01 1.429484e+02 1.756046e+03 6.635195e+01 7.180391e+01
276 4.140891e-01 3.390579e+01 1.142979e+01 1.430017e+02 1.759219e+03 6.640216e+01 7.184973e+01
277 4.152804e-01 3.398449e+01 1.139386e+01 1.430538e+02 1.762368e+03 6.645220e+01 7.189538e+01
278 4.164697e-01 3.406295e+01 1.135953e+01 1.431046e+02 1.766776e+03 6.650207e+01 7.171073e+01
279 4.176568e-01 3.414118e+01 1.132642e+01 1.431542e+02 1.769982e+03 6.655177e+01 7.175623e+01
280 4.188418e-01 3.421917e+01 1.129312e+01 1.432026e+02 1.773295e+03 6.660130e+01 7.180157e+01
281 4.200247e-01 3.429694e+01 1.125960e+01 1.432497e+02 1.776658e+03 6.665066e+01 7.184675e+01
282 4.212055e-01 3.437448e+01 1.122584e+01 1.432957e+02 1.780067e+03 6.669986e+01 7.189176e+01
283 4.223842e-01 3.445178e+01 1.119175e+01 1.433406e+02 1.783516e+03 6.674889e+01 7.193660e+01
284 4.235608e-01 3.452887e+01 1.115736e+01 1.433842e+02 1.786928e+03 6.679775e+01 7.198129e+01
285 4.247354e-01 3.460572e+01 1.112263e+01 1.434267e+02 1.790340e+03 6.684645e+01 7.202581e+01
286 4.259078e-01 3.468235e+01 1.108760e+01 1.434648e+02 1.793810e+03 6.689499e+01 7.207017e+01
287 4.270782e-01 3.475875e+01 1.105104e+01 1.435009e+02 1.797420e+03 6.694335e+01 7.211436e+01
288 4.282466e-01 3.483493e+01 1.101164e+01 1.435357e+02 1.801244e+03 6.699156e+01 7.215840e+01
289 4.294128e-01 3.491088e+01 1.097197e+01 1.435694e+02 1.805071e+03 6.703960e+01 7.220228e+01
290 4.305770e-01 3.498662e+01 1.093194e+01 1.436019e+02 1.808818e+03 6.708748e+01 7.224600e+01
291 4.317392e-01 3.506213e+01 1.089172e+01 1.436334e+02 1.812649e+03 6.713520e+01 7.228956e+01
