# it strain shortening ε_f δT D θ θc
1 0.000000e+00 0.000000e+00 1.236267e+00 5.684342e-14 6.499239e+03 4.500000e+01 4.512215e+01
2 1.770244e-03 1.768678e-01 1.270256e+00 1.348871e+00 6.263546e+03 4.510143e+01 4.522358e+01
3 3.539646e-03 3.533389e-01 1.303198e+00 2.673627e+00 6.066966e+03 4.520281e+01 4.532496e+01
4 5.308184e-03 5.294120e-01 1.337836e+00 3.972547e+00 5.894333e+03 4.530413e+01 4.542628e+01
5 7.075837e-03 7.050863e-01 1.374274e+00 5.246797e+00 5.739140e+03 4.540540e+01 4.552755e+01
6 8.842586e-03 8.803605e-01 1.412613e+00 6.497373e+00 5.596834e+03 4.550662e+01 4.562876e+01
7 1.060841e-02 1.055234e+00 1.452968e+00 7.725085e+00 5.464443e+03 4.560777e+01 4.572991e+01
8 1.237328e-02 1.229705e+00 1.495452e+00 8.930562e+00 5.339843e+03 4.570886e+01 4.583100e+01
9 1.413719e-02 1.403773e+00 1.540195e+00 1.011425e+01 5.221390e+03 4.580989e+01 4.593202e+01
10 1.590012e-02 1.577438e+00 1.587323e+00 1.127642e+01 5.107862e+03 4.591086e+01 4.603298e+01
11 1.766203e-02 1.750697e+00 1.636982e+00 1.241718e+01 4.998442e+03 4.601175e+01 4.613386e+01
12 1.942292e-02 1.923551e+00 1.689302e+00 1.356379e+01 4.892137e+03 4.611257e+01 4.623468e+01
13 2.118276e-02 2.095998e+00 1.744440e+00 1.478143e+01 4.788786e+03 4.621332e+01 4.633542e+01
14 2.294153e-02 2.268037e+00 1.802625e+00 1.600737e+01 4.688826e+03 4.631399e+01 4.643608e+01
15 2.469921e-02 2.439668e+00 1.864049e+00 1.723662e+01 4.591558e+03 4.641459e+01 4.653666e+01
16 2.645579e-02 2.610890e+00 1.928867e+00 1.847061e+01 4.496206e+03 4.651510e+01 4.663717e+01
17 2.821124e-02 2.781702e+00 1.997214e+00 1.971071e+01 4.402478e+03 4.661553e+01 4.673758e+01
18 2.996555e-02 2.952103e+00 2.069287e+00 2.095822e+01 4.310146e+03 4.671587e+01 4.683792e+01
19 3.171869e-02 3.122092e+00 2.145290e+00 2.221443e+01 4.218985e+03 4.681613e+01 4.693816e+01
20 3.347064e-02 3.291670e+00 2.225401e+00 2.348052e+01 4.128864e+03 4.691630e+01 4.703831e+01
21 3.522139e-02 3.460834e+00 2.309902e+00 2.476328e+01 4.039946e+03 4.701637e+01 4.713837e+01
22 3.697092e-02 3.629584e+00 2.399016e+00 2.608422e+01 3.952331e+03 4.711635e+01 4.723834e+01
23 3.871921e-02 3.797920e+00 2.493065e+00 2.741591e+01 3.866001e+03 4.721623e+01 4.733820e+01
24 4.046623e-02 3.965841e+00 2.592215e+00 2.875924e+01 3.780444e+03 4.731602e+01 4.743797e+01
25 4.221198e-02 4.133346e+00 2.696739e+00 3.011430e+01 3.695562e+03 4.741570e+01 4.753764e+01
26 4.395643e-02 4.300435e+00 2.806811e+00 3.148116e+01 3.611280e+03 4.751528e+01 4.763720e+01
27 4.569957e-02 4.467107e+00 2.922740e+00 3.288854e+01 3.527769e+03 4.761475e+01 4.773665e+01
28 4.744137e-02 4.633362e+00 3.044734e+00 3.433598e+01 3.445033e+03 4.771412e+01 4.783600e+01
29 4.918182e-02 4.799198e+00 3.173213e+00 3.579700e+01 3.363293e+03 4.781338e+01 4.793524e+01
30 5.092090e-02 4.964616e+00 3.308218e+00 3.727140e+01 3.282220e+03 4.791252e+01 4.803436e+01
31 5.265859e-02 5.129615e+00 3.450151e+00 3.875845e+01 3.201921e+03 4.801155e+01 4.813337e+01
32 5.439488e-02 5.294194e+00 3.599137e+00 4.025734e+01 3.122429e+03 4.811047e+01 4.823226e+01
33 5.612975e-02 5.458354e+00 3.755404e+00 4.181127e+01 3.043966e+03 4.820926e+01 4.833103e+01
34 5.786317e-02 5.622093e+00 3.919042e+00 4.339034e+01 2.966546e+03 4.830794e+01 4.842969e+01
35 5.959514e-02 5.785411e+00 4.089998e+00 4.498010e+01 2.890241e+03 4.840649e+01 4.852822e+01
36 6.132563e-02 5.948307e+00 4.269082e+00 4.657887e+01 2.813379e+03 4.850492e+01 4.887001e+01
37 6.305464e-02 6.110782e+00 4.456704e+00 4.818943e+01 2.739676e+03 4.860323e+01 4.896823e+01
38 6.478213e-02 6.272835e+00 4.651877e+00 4.983554e+01 2.667414e+03 4.870140e+01 4.906633e+01
39 6.650810e-02 6.434466e+00 4.854386e+00 5.151684e+01 2.595144e+03 4.879945e+01 4.940750e+01
40 6.823253e-02 6.595674e+00 5.066655e+00 5.320401e+01 2.526140e+03 4.889736e+01 4.950527e+01
41 6.995540e-02 6.756459e+00 5.286581e+00 5.489936e+01 2.458905e+03 4.899514e+01 4.960291e+01
42 7.167669e-02 6.916821e+00 5.513786e+00 5.659437e+01 2.392209e+03 4.909278e+01 4.994342e+01
43 7.339640e-02 7.076759e+00 5.751101e+00 5.831624e+01 2.328859e+03 4.919028e+01 5.004072e+01
44 7.511450e-02 7.236274e+00 5.995340e+00 6.007233e+01 2.267551e+03 4.928765e+01 5.013787e+01
45 7.683098e-02 7.395364e+00 6.247502e+00 6.182210e+01 2.207284e+03 4.938487e+01 5.047767e+01
46 7.854582e-02 7.554030e+00 6.508692e+00 6.357271e+01 2.150470e+03 4.948195e+01 5.057446e+01
47 8.025901e-02 7.712272e+00 6.775298e+00 6.531556e+01 2.095911e+03 4.957888e+01 5.067110e+01
48 8.197054e-02 7.870090e+00 7.052241e+00 6.708023e+01 2.042778e+03 4.967567e+01 5.101016e+01
49 8.368038e-02 8.027482e+00 7.334665e+00 6.886520e+01 1.992984e+03 4.977231e+01 5.110642e+01
50 8.538852e-02 8.184450e+00 7.620466e+00 7.063062e+01 1.945628e+03 4.986879e+01 5.120253e+01
51 8.709494e-02 8.340993e+00 7.908415e+00 7.237213e+01 1.900647e+03 4.996513e+01 5.129847e+01
52 8.879964e-02 8.497111e+00 8.197108e+00 7.408540e+01 1.858008e+03 5.006131e+01 5.139426e+01
53 9.050260e-02 8.652804e+00 8.485009e+00 7.580997e+01 1.817717e+03 5.015733e+01 5.148988e+01
54 9.220380e-02 8.808072e+00 8.770526e+00 7.751083e+01 1.779728e+03 5.025320e+01 5.158534e+01
55 9.390323e-02 8.962915e+00 9.052062e+00 7.917247e+01 1.744029e+03 5.034891e+01 5.168063e+01
56 9.560088e-02 9.117332e+00 9.330427e+00 8.079090e+01 1.710051e+03 5.044445e+01 5.201769e+01
57 9.729672e-02 9.271325e+00 9.616653e+00 8.238871e+01 1.678787e+03 5.053984e+01 5.211257e+01
58 9.899076e-02 9.424892e+00 9.895903e+00 8.400413e+01 1.649629e+03 5.063506e+01 5.220727e+01
59 1.006830e-01 9.578034e+00 1.016631e+01 8.557048e+01 1.622519e+03 5.073011e+01 5.230181e+01
60 1.023733e-01 9.730752e+00 1.042639e+01 8.708450e+01 1.597367e+03 5.082500e+01 5.239616e+01
61 1.040618e-01 9.883044e+00 1.067469e+01 8.854326e+01 1.574135e+03 5.091972e+01 5.249034e+01
62 1.057485e-01 1.003491e+01 1.090979e+01 8.996245e+01 1.552742e+03 5.101427e+01 5.258434e+01
63 1.074333e-01 1.018635e+01 1.113078e+01 9.135632e+01 1.533078e+03 5.110865e+01 5.267817e+01
64 1.091161e-01 1.033737e+01 1.134380e+01 9.270158e+01 1.514745e+03 5.120285e+01 5.301303e+01
65 1.107971e-01 1.048797e+01 1.155049e+01 9.400729e+01 1.498384e+03 5.129688e+01 5.310641e+01
66 1.124762e-01 1.063814e+01 1.174191e+01 9.525205e+01 1.483523e+03 5.139074e+01 5.319959e+01
67 1.141533e-01 1.078788e+01 1.191772e+01 9.646722e+01 1.470066e+03 5.148441e+01 5.329259e+01
68 1.158285e-01 1.093720e+01 1.207756e+01 9.763988e+01 1.457930e+03 5.157791e+01 5.338541e+01
69 1.175017e-01 1.108610e+01 1.222125e+01 9.875193e+01 1.447044e+03 5.167123e+01 5.347803e+01
70 1.191730e-01 1.123458e+01 1.234885e+01 9.980357e+01 1.437312e+03 5.176436e+01 5.357047e+01
71 1.208423e-01 1.138263e+01 1.246059e+01 1.007953e+02 1.428652e+03 5.185732e+01 5.366271e+01
72 1.225096e-01 1.153026e+01 1.255704e+01 1.017711e+02 1.420999e+03 5.195008e+01 5.375476e+01
73 1.241749e-01 1.167746e+01 1.263880e+01 1.027306e+02 1.414350e+03 5.204267e+01 5.384662e+01
74 1.258382e-01 1.182425e+01 1.272252e+01 1.036451e+02 1.408440e+03 5.213506e+01 5.417852e+01
75 1.274994e-01 1.197061e+01 1.280135e+01 1.045381e+02 1.403586e+03 5.222727e+01 5.426989e+01
76 1.291587e-01 1.211655e+01 1.287191e+01 1.053953e+02 1.399277e+03 5.231929e+01 5.460102e+01
77 1.308158e-01 1.226207e+01 1.294963e+01 1.062698e+02 1.395878e+03 5.241112e+01 5.469189e+01
78 1.324710e-01 1.240716e+01 1.301619e+01 1.071129e+02 1.393121e+03 5.250276e+01 5.478256e+01
79 1.341240e-01 1.255184e+01 1.308157e+01 1.079259e+02 1.390797e+03 5.259420e+01 5.511260e+01
80 1.357750e-01 1.269610e+01 1.314894e+01 1.087176e+02 1.389218e+03 5.268545e+01 5.520276e+01
81 1.374239e-01 1.283994e+01 1.320663e+01 1.094809e+02 1.388138e+03 5.277651e+01 5.529271e+01
82 1.390707e-01 1.298335e+01 1.326483e+01 1.102694e+02 1.387361e+03 5.286737e+01 5.562163e+01
83 1.407154e-01 1.312635e+01 1.332516e+01 1.110146e+02 1.387231e+03 5.295803e+01 5.571106e+01
84 1.423580e-01 1.326893e+01 1.337717e+01 1.117175e+02 1.387499e+03 5.304850e+01 5.580028e+01
85 1.439985e-01 1.341110e+01 1.342710e+01 1.123793e+02 1.387945e+03 5.313876e+01 5.612805e+01
86 1.456368e-01 1.355284e+01 1.348294e+01 1.130137e+02 1.388909e+03 5.322883e+01 5.621674e+01
87 1.472730e-01 1.369417e+01 1.353153e+01 1.136400e+02 1.390216e+03 5.331869e+01 5.630521e+01
88 1.489070e-01 1.383508e+01 1.357324e+01 1.142300e+02 1.391795e+03 5.340835e+01 5.639347e+01
89 1.505389e-01 1.397557e+01 1.360864e+01 1.147847e+02 1.393619e+03 5.349781e+01 5.648152e+01
90 1.521686e-01 1.411565e+01 1.363812e+01 1.153055e+02 1.395743e+03 5.358707e+01 5.656935e+01
91 1.537961e-01 1.425532e+01 1.366207e+01 1.158038e+02 1.398121e+03 5.367612e+01 5.665696e+01
92 1.554215e-01 1.439457e+01 1.368092e+01 1.163010e+02 1.400709e+03 5.376496e+01 5.674435e+01
93 1.570446e-01 1.453341e+01 1.369514e+01 1.167685e+02 1.403464e+03 5.385360e+01 5.683153e+01
94 1.586655e-01 1.467183e+01 1.370508e+01 1.172119e+02 1.406365e+03 5.394202e+01 5.691849e+01
95 1.602843e-01 1.480984e+01 1.371107e+01 1.176397e+02 1.409398e+03 5.403024e+01 5.700522e+01
96 1.619007e-01 1.494744e+01 1.371357e+01 1.180448e+02 1.412547e+03 5.411826e+01 5.709174e+01
97 1.635150e-01 1.508463e+01 1.371284e+01 1.184579e+02 1.415795e+03 5.420606e+01 5.717803e+01
98 1.651271e-01 1.522140e+01 1.370918e+01 1.188464e+02 1.419142e+03 5.429365e+01 5.726411e+01
99 1.667369e-01 1.535777e+01 1.370291e+01 1.192112e+02 1.422611e+03 5.438102e+01 5.734996e+01
100 1.683444e-01 1.549373e+01 1.368956e+01 1.195661e+02 1.426173e+03 5.446819e+01 5.743558e+01
101 1.699497e-01 1.562927e+01 1.366844e+01 1.199161e+02 1.429862e+03 5.455514e+01 5.752099e+01
102 1.715527e-01 1.576441e+01 1.364568e+01 1.202766e+02 1.433711e+03 5.464188e+01 5.760617e+01
103 1.731535e-01 1.589914e+01 1.362150e+01 1.206352e+02 1.437596e+03 5.472841e+01 5.769112e+01
104 1.747519e-01 1.603347e+01 1.359607e+01 1.209884e+02 1.441510e+03 5.481472e+01 5.777585e+01
105 1.763481e-01 1.616739e+01 1.356956e+01 1.213215e+02 1.445463e+03 5.490081e+01 5.786035e+01
106 1.779420e-01 1.630090e+01 1.354210e+01 1.216473e+02 1.449443e+03 5.498669e+01 5.794463e+01
107 1.795336e-01 1.643401e+01 1.351391e+01 1.219873e+02 1.453461e+03 5.507235e+01 5.802868e+01
108 1.811229e-01 1.656672e+01 1.348499e+01 1.223262e+02 1.457493e+03 5.515779e+01 5.811250e+01
109 1.827099e-01 1.669902e+01 1.345558e+01 1.226555e+02 1.461519e+03 5.524301e+01 5.819609e+01
110 1.842946e-01 1.683092e+01 1.342580e+01 1.229855e+02 1.465529e+03 5.532802e+01 5.827945e+01
111 1.858769e-01 1.696242e+01 1.339559e+01 1.232981e+02 1.469556e+03 5.541281e+01 5.836259e+01
112 1.874569e-01 1.709352e+01 1.336514e+01 1.235942e+02 1.473597e+03 5.549737e+01 5.844550e+01
113 1.890346e-01 1.722421e+01 1.333454e+01 1.239073e+02 1.477647e+03 5.558172e+01 5.852817e+01
114 1.906100e-01 1.735451e+01 1.330390e+01 1.242051e+02 1.481712e+03 5.566584e+01 5.861062e+01
115 1.921830e-01 1.748441e+01 1.327311e+01 1.244880e+02 1.485800e+03 5.574975e+01 5.869284e+01
116 1.937536e-01 1.761392e+01 1.324501e+01 1.247562e+02 1.489684e+03 5.583343e+01 5.900967e+01
117 1.953219e-01 1.774302e+01 1.322109e+01 1.250102e+02 1.493699e+03 5.591689e+01 5.909129e+01
118 1.968879e-01 1.787173e+01 1.319698e+01 1.252627e+02 1.497695e+03 5.600013e+01 5.917267e+01
119 1.984515e-01 1.800004e+01 1.317276e+01 1.255219e+02 1.501658e+03 5.608314e+01 5.925383e+01
120 2.000127e-01 1.812796e+01 1.314842e+01 1.257685e+02 1.505598e+03 5.616593e+01 5.933475e+01
121 2.015715e-01 1.825549e+01 1.312420e+01 1.260027e+02 1.509507e+03 5.624850e+01 5.941544e+01
122 2.031280e-01 1.838262e+01 1.309991e+01 1.262170e+02 1.513446e+03 5.633084e+01 5.949589e+01
123 2.046821e-01 1.850937e+01 1.307652e+01 1.264076e+02 1.517228e+03 5.641296e+01 5.980989e+01
124 2.062338e-01 1.863572e+01 1.305811e+01 1.266055e+02 1.521186e+03 5.649486e+01 5.988974e+01
125 2.077831e-01 1.876168e+01 1.303976e+01 1.268049e+02 1.525086e+03 5.657653e+01 5.996935e+01
126 2.093301e-01 1.888725e+01 1.302125e+01 1.269941e+02 1.528961e+03 5.665797e+01 6.004873e+01
127 2.108746e-01 1.901244e+01 1.300268e+01 1.271731e+02 1.532811e+03 5.673919e+01 6.012788e+01
128 2.124167e-01 1.913723e+01 1.298409e+01 1.273423e+02 1.536640e+03 5.682018e+01 6.020679e+01
129 2.139564e-01 1.926165e+01 1.296566e+01 1.275017e+02 1.540443e+03 5.690095e+01 6.028546e+01
130 2.154938e-01 1.938567e+01 1.294711e+01 1.276715e+02 1.544249e+03 5.698149e+01 6.036390e+01
131 2.170287e-01 1.950931e+01 1.293105e+01 1.278418e+02 1.547856e+03 5.706180e+01 6.067463e+01
132 2.185612e-01 1.963257e+01 1.291769e+01 1.280034e+02 1.551603e+03 5.714189e+01 6.075245e+01
133 2.200913e-01 1.975544e+01 1.290443e+01 1.281565e+02 1.555311e+03 5.722175e+01 6.083004e+01
134 2.216189e-01 1.987794e+01 1.289099e+01 1.283012e+02 1.559003e+03 5.730138e+01 6.090739e+01
135 2.231442e-01 2.000005e+01 1.287748e+01 1.284530e+02 1.562681e+03 5.738079e+01 6.098451e+01
136 2.246670e-01 2.012178e+01 1.286392e+01 1.286138e+02 1.566391e+03 5.745997e+01 6.106139e+01
137 2.261874e-01 2.024314e+01 1.285033e+01 1.287781e+02 1.570069e+03 5.753892e+01 6.113803e+01
138 2.277053e-01 2.036411e+01 1.283697e+01 1.289347e+02 1.573672e+03 5.761764e+01 6.121444e+01
139 2.292209e-01 2.048471e+01 1.282637e+01 1.290985e+02 1.577080e+03 5.769614e+01 6.152185e+01
140 2.307340e-01 2.060493e+01 1.281749e+01 1.292553e+02 1.580636e+03 5.777441e+01 6.159763e+01
141 2.322446e-01 2.072478e+01 1.280849e+01 1.294044e+02 1.584201e+03 5.785245e+01 6.167318e+01
142 2.337529e-01 2.084426e+01 1.279941e+01 1.295542e+02 1.587742e+03 5.793026e+01 6.174850e+01
143 2.352586e-01 2.096336e+01 1.279027e+01 1.297283e+02 1.591268e+03 5.800784e+01 6.182358e+01
144 2.367620e-01 2.108209e+01 1.278103e+01 1.298970e+02 1.594764e+03 5.808520e+01 6.189842e+01
145 2.382629e-01 2.120045e+01 1.277170e+01 1.300587e+02 1.598234e+03 5.816233e+01 6.197302e+01
146 2.397613e-01 2.131844e+01 1.276161e+01 1.302133e+02 1.601684e+03 5.823923e+01 6.204739e+01
147 2.412573e-01 2.143606e+01 1.274291e+01 1.303722e+02 1.605153e+03 5.831590e+01 6.212153e+01
148 2.427509e-01 2.155331e+01 1.272425e+01 1.305274e+02 1.608608e+03 5.839234e+01 6.219543e+01
149 2.442420e-01 2.167020e+01 1.270545e+01 1.306974e+02 1.612085e+03 5.846856e+01 6.226909e+01
150 2.457307e-01 2.178672e+01 1.268690e+01 1.308644e+02 1.615517e+03 5.854455e+01 6.234252e+01
151 2.472169e-01 2.190287e+01 1.266841e+01 1.310250e+02 1.618916e+03 5.862031e+01 6.241571e+01
152 2.487006e-01 2.201866e+01 1.264983e+01 1.311793e+02 1.622331e+03 5.869584e+01 6.248866e+01
153 2.501819e-01 2.213409e+01 1.263256e+01 1.313273e+02 1.625907e+03 5.877115e+01 6.233229e+01
154 2.516608e-01 2.224916e+01 1.261901e+01 1.314579e+02 1.629276e+03 5.884623e+01 6.240493e+01
155 2.531372e-01 2.236386e+01 1.260550e+01 1.315804e+02 1.632633e+03 5.892108e+01 6.247734e+01
156 2.546111e-01 2.247821e+01 1.259184e+01 1.317162e+02 1.636006e+03 5.899570e+01 6.254951e+01
157 2.560826e-01 2.259220e+01 1.257832e+01 1.318466e+02 1.639347e+03 5.907009e+01 6.262146e+01
158 2.575516e-01 2.270583e+01 1.256482e+01 1.319715e+02 1.642666e+03 5.914426e+01 6.269317e+01
159 2.590182e-01 2.281910e+01 1.255133e+01 1.320910e+02 1.645957e+03 5.921820e+01 6.276464e+01
160 2.604823e-01 2.293202e+01 1.253770e+01 1.322052e+02 1.649238e+03 5.929192e+01 6.283589e+01
161 2.619440e-01 2.304459e+01 1.252422e+01 1.323141e+02 1.652474e+03 5.936541e+01 6.290690e+01
162 2.634032e-01 2.315680e+01 1.251077e+01 1.324255e+02 1.655699e+03 5.943867e+01 6.297767e+01
163 2.648599e-01 2.326866e+01 1.249731e+01 1.325468e+02 1.658917e+03 5.951170e+01 6.304822e+01
164 2.663142e-01 2.338016e+01 1.248387e+01 1.326633e+02 1.662135e+03 5.958451e+01 6.311854e+01
165 2.677660e-01 2.349132e+01 1.247035e+01 1.327751e+02 1.665367e+03 5.965710e+01 6.318862e+01
166 2.692154e-01 2.360213e+01 1.245696e+01 1.328822e+02 1.668581e+03 5.972945e+01 6.325847e+01
167 2.706623e-01 2.371259e+01 1.244354e+01 1.329846e+02 1.671784e+03 5.980158e+01 6.332810e+01
168 2.721067e-01 2.382270e+01 1.243013e+01 1.330823e+02 1.674973e+03 5.987349e+01 6.339749e+01
169 2.735487e-01 2.393247e+01 1.241674e+01 1.331809e+02 1.678144e+03 5.994517e+01 6.346665e+01
170 2.749883e-01 2.404190e+01 1.240322e+01 1.332910e+02 1.681313e+03 6.001663e+01 6.353558e+01
171 2.764253e-01 2.415098e+01 1.238984e+01 1.333970e+02 1.684442e+03 6.008786e+01 6.360429e+01
172 2.778600e-01 2.425971e+01 1.237647e+01 1.334988e+02 1.687546e+03 6.015887e+01 6.367276e+01
173 2.792922e-01 2.436811e+01 1.236308e+01 1.335965e+02 1.690637e+03 6.022965e+01 6.374101e+01
174 2.807219e-01 2.447616e+01 1.234968e+01 1.336935e+02 1.693703e+03 6.030021e+01 6.380902e+01
175 2.821492e-01 2.458388e+01 1.232936e+01 1.337876e+02 1.696791e+03 6.037055e+01 6.387681e+01
176 2.835740e-01 2.469126e+01 1.230914e+01 1.338646e+02 1.699907e+03 6.044067e+01 6.394437e+01
177 2.849963e-01 2.479830e+01 1.228902e+01 1.339648e+02 1.703050e+03 6.051056e+01 6.401171e+01
178 2.864163e-01 2.490500e+01 1.226893e+01 1.340627e+02 1.706255e+03 6.058023e+01 6.407882e+01
179 2.878337e-01 2.501137e+01 1.224904e+01 1.341570e+02 1.709426e+03 6.064967e+01 6.414570e+01
180 2.892488e-01 2.511741e+01 1.222922e+01 1.342475e+02 1.712570e+03 6.071890e+01 6.421236e+01
181 2.906614e-01 2.522311e+01 1.220951e+01 1.343436e+02 1.715687e+03 6.078790e+01 6.427879e+01
182 2.920715e-01 2.532849e+01 1.218996e+01 1.344373e+02 1.718792e+03 6.085668e+01 6.434500e+01
183 2.934792e-01 2.543353e+01 1.217049e+01 1.345271e+02 1.721879e+03 6.092524e+01 6.441098e+01
184 2.948845e-01 2.553824e+01 1.215110e+01 1.346199e+02 1.724948e+03 6.099359e+01 6.447674e+01
185 2.962873e-01 2.564262e+01 1.213187e+01 1.347283e+02 1.727993e+03 6.106171e+01 6.454227e+01
186 2.976877e-01 2.574668e+01 1.211273e+01 1.348370e+02 1.731017e+03 6.112961e+01 6.460759e+01
187 2.990856e-01 2.585041e+01 1.209367e+01 1.349423e+02 1.734029e+03 6.119729e+01 6.467268e+01
188 3.004811e-01 2.595381e+01 1.207463e+01 1.350442e+02 1.737055e+03 6.126475e+01 6.473754e+01
189 3.018742e-01 2.605689e+01 1.205573e+01 1.351469e+02 1.740086e+03 6.133200e+01 6.480219e+01
190 3.032648e-01 2.615965e+01 1.203691e+01 1.352519e+02 1.743130e+03 6.139903e+01 6.486662e+01
191 3.046531e-01 2.626208e+01 1.201814e+01 1.353535e+02 1.746170e+03 6.146584e+01 6.493082e+01
192 3.060389e-01 2.636420e+01 1.199947e+01 1.354604e+02 1.749196e+03 6.153243e+01 6.499480e+01
193 3.074222e-01 2.646599e+01 1.198090e+01 1.355732e+02 1.752200e+03 6.159880e+01 6.505857e+01
194 3.088032e-01 2.656747e+01 1.196237e+01 1.356828e+02 1.755191e+03 6.166496e+01 6.512211e+01
195 3.101817e-01 2.666863e+01 1.194392e+01 1.357892e+02 1.758172e+03 6.173090e+01 6.518544e+01
196 3.115578e-01 2.676947e+01 1.192558e+01 1.358804e+02 1.761147e+03 6.179663e+01 6.524855e+01
197 3.129315e-01 2.687000e+01 1.190729e+01 1.359660e+02 1.764107e+03 6.186214e+01 6.531144e+01
198 3.143028e-01 2.697021e+01 1.188904e+01 1.360485e+02 1.767060e+03 6.192744e+01 6.537411e+01
199 3.156717e-01 2.707011e+01 1.187086e+01 1.361280e+02 1.769996e+03 6.199252e+01 6.543657e+01
200 3.170381e-01 2.716970e+01 1.185304e+01 1.362101e+02 1.772751e+03 6.205739e+01 6.572025e+01
201 3.184022e-01 2.726898e+01 1.183782e+01 1.363009e+02 1.775731e+03 6.212205e+01 6.578211e+01
202 3.197639e-01 2.736795e+01 1.182260e+01 1.363889e+02 1.778707e+03 6.218649e+01 6.584376e+01
203 3.211231e-01 2.746660e+01 1.180740e+01 1.364742e+02 1.781688e+03 6.225072e+01 6.590518e+01
204 3.224800e-01 2.756496e+01 1.179223e+01 1.365568e+02 1.784649e+03 6.231474e+01 6.596640e+01
205 3.238344e-01 2.766300e+01 1.177704e+01 1.366367e+02 1.787593e+03 6.237855e+01 6.602740e+01
206 3.251865e-01 2.776074e+01 1.176186e+01 1.367139e+02 1.790541e+03 6.244215e+01 6.608819e+01
207 3.265362e-01 2.785817e+01 1.174673e+01 1.367883e+02 1.793476e+03 6.250553e+01 6.614876e+01
208 3.278835e-01 2.795530e+01 1.173307e+01 1.368600e+02 1.796205e+03 6.256871e+01 6.642911e+01
209 3.292284e-01 2.805213e+01 1.172073e+01 1.369453e+02 1.799155e+03 6.263168e+01 6.648910e+01
210 3.305709e-01 2.814866e+01 1.170837e+01 1.370328e+02 1.802087e+03 6.269443e+01 6.654887e+01
211 3.319111e-01 2.824489e+01 1.169592e+01 1.371178e+02 1.805007e+03 6.275698e+01 6.660843e+01
212 3.332488e-01 2.834081e+01 1.168350e+01 1.372003e+02 1.807936e+03 6.281933e+01 6.666779e+01
213 3.345842e-01 2.843644e+01 1.167095e+01 1.372804e+02 1.810861e+03 6.288146e+01 6.672693e+01
214 3.359173e-01 2.853178e+01 1.165844e+01 1.373579e+02 1.813759e+03 6.294339e+01 6.678587e+01
215 3.372479e-01 2.862681e+01 1.164651e+01 1.374330e+02 1.816409e+03 6.300511e+01 6.706329e+01
216 3.385763e-01 2.872156e+01 1.163671e+01 1.375056e+02 1.819296e+03 6.306662e+01 6.712164e+01
217 3.399022e-01 2.881601e+01 1.162671e+01 1.375731e+02 1.822198e+03 6.312793e+01 6.717979e+01
218 3.412258e-01 2.891016e+01 1.161669e+01 1.376432e+02 1.825096e+03 6.318904e+01 6.723773e+01
219 3.425470e-01 2.900403e+01 1.160660e+01 1.377112e+02 1.827982e+03 6.324994e+01 6.729546e+01
220 3.438659e-01 2.909760e+01 1.159642e+01 1.377771e+02 1.830874e+03 6.331064e+01 6.735299e+01
221 3.451825e-01 2.919089e+01 1.158619e+01 1.378408e+02 1.833746e+03 6.337113e+01 6.741032e+01
222 3.464967e-01 2.928388e+01 1.157580e+01 1.379093e+02 1.836623e+03 6.343142e+01 6.746744e+01
223 3.478085e-01 2.937659e+01 1.156539e+01 1.379770e+02 1.839486e+03 6.349151e+01 6.752436e+01
224 3.491180e-01 2.946901e+01 1.155477e+01 1.380424e+02 1.842365e+03 6.355140e+01 6.758108e+01
225 3.504252e-01 2.956115e+01 1.154417e+01 1.381057e+02 1.845240e+03 6.361109e+01 6.763760e+01
226 3.517301e-01 2.965300e+01 1.153343e+01 1.381751e+02 1.848118e+03 6.367057e+01 6.769391e+01
227 3.530326e-01 2.974457e+01 1.152256e+01 1.382541e+02 1.850991e+03 6.372986e+01 6.775003e+01
228 3.543328e-01 2.983586e+01 1.150839e+01 1.383335e+02 1.853872e+03 6.378895e+01 6.780594e+01
229 3.556307e-01 2.992687e+01 1.149172e+01 1.384246e+02 1.856762e+03 6.384784e+01 6.786166e+01
230 3.569263e-01 3.001759e+01 1.147502e+01 1.385269e+02 1.859640e+03 6.390653e+01 6.791718e+01
231 3.582196e-01 3.010804e+01 1.145828e+01 1.386283e+02 1.862537e+03 6.396502e+01 6.797250e+01
232 3.595105e-01 3.019821e+01 1.144150e+01 1.387288e+02 1.865450e+03 6.402331e+01 6.802762e+01
233 3.607992e-01 3.028810e+01 1.142466e+01 1.388284e+02 1.868352e+03 6.408141e+01 6.808255e+01
234 3.620856e-01 3.037772e+01 1.140777e+01 1.389270e+02 1.871244e+03 6.413932e+01 6.813728e+01
235 3.633696e-01 3.046706e+01 1.139084e+01 1.390247e+02 1.874123e+03 6.419703e+01 6.819182e+01
236 3.646514e-01 3.055613e+01 1.137386e+01 1.391215e+02 1.876990e+03 6.425454e+01 6.824616e+01
237 3.659309e-01 3.064493e+01 1.135682e+01 1.392174e+02 1.879857e+03 6.431186e+01 6.830030e+01
238 3.672081e-01 3.073345e+01 1.133972e+01 1.393124e+02 1.882747e+03 6.436898e+01 6.835426e+01
239 3.684830e-01 3.082170e+01 1.132257e+01 1.394065e+02 1.885639e+03 6.442592e+01 6.840802e+01
240 3.697556e-01 3.090969e+01 1.130747e+01 1.394997e+02 1.888797e+03 6.448266e+01 6.824715e+01
241 3.710260e-01 3.099740e+01 1.129271e+01 1.395921e+02 1.891676e+03 6.453920e+01 6.830069e+01
242 3.722941e-01 3.108485e+01 1.127783e+01 1.396834e+02 1.894580e+03 6.459556e+01 6.835405e+01
243 3.735599e-01 3.117203e+01 1.126283e+01 1.397739e+02 1.897482e+03 6.465173e+01 6.840722e+01
244 3.748235e-01 3.125894e+01 1.124769e+01 1.398634e+02 1.900398e+03 6.470770e+01 6.846019e+01
245 3.760848e-01 3.134559e+01 1.123243e+01 1.399520e+02 1.903316e+03 6.476349e+01 6.851298e+01
246 3.773439e-01 3.143198e+01 1.121704e+01 1.400397e+02 1.906233e+03 6.481909e+01 6.856558e+01
247 3.786007e-01 3.151810e+01 1.120153e+01 1.401266e+02 1.909168e+03 6.487450e+01 6.861799e+01
248 3.798553e-01 3.160396e+01 1.118587e+01 1.402126e+02 1.912101e+03 6.492972e+01 6.867022e+01
249 3.811076e-01 3.168956e+01 1.117008e+01 1.402978e+02 1.915042e+03 6.498476e+01 6.872226e+01
250 3.823577e-01 3.177490e+01 1.115416e+01 1.403821e+02 1.917990e+03 6.503960e+01 6.877411e+01
251 3.836056e-01 3.185999e+01 1.113809e+01 1.404597e+02 1.920942e+03 6.509427e+01 6.882578e+01
252 3.848512e-01 3.194481e+01 1.112188e+01 1.405324e+02 1.923897e+03 6.514874e+01 6.887726e+01
253 3.860946e-01 3.202938e+01 1.110552e+01 1.406043e+02 1.926874e+03 6.520304e+01 6.892856e+01
254 3.873358e-01 3.211369e+01 1.108900e+01 1.406755e+02 1.929852e+03 6.525715e+01 6.897968e+01
255 3.885748e-01 3.219775e+01 1.107233e+01 1.407459e+02 1.932824e+03 6.531107e+01 6.903061e+01
256 3.898115e-01 3.228155e+01 1.105550e+01 1.408156e+02 1.935791e+03 6.536481e+01 6.908137e+01
257 3.910461e-01 3.236510e+01 1.103850e+01 1.408845e+02 1.938765e+03 6.541837e+01 6.913194e+01
258 3.922784e-01 3.244840e+01 1.102135e+01 1.409526e+02 1.941758e+03 6.547175e+01 6.918233e+01
259 3.935086e-01 3.253145e+01 1.100402e+01 1.410199e+02 1.944745e+03 6.552495e+01 6.923254e+01
260 3.947366e-01 3.261425e+01 1.098491e+01 1.410865e+02 1.947742e+03 6.557796e+01 6.928258e+01
261 3.959623e-01 3.269679e+01 1.096308e+01 1.411524e+02 1.950763e+03 6.563080e+01 6.933243e+01
262 3.971859e-01 3.277910e+01 1.094114e+01 1.412174e+02 1.953798e+03 6.568345e+01 6.938211e+01
263 3.984073e-01 3.286115e+01 1.091911e+01 1.412817e+02 1.956826e+03 6.573593e+01 6.943160e+01
264 3.996265e-01 3.294296e+01 1.089696e+01 1.413511e+02 1.959853e+03 6.578823e+01 6.948093e+01
265 4.008436e-01 3.302452e+01 1.087467e+01 1.414214e+02 1.962896e+03 6.584036e+01 6.953007e+01
266 4.020585e-01 3.310584e+01 1.085226e+01 1.414908e+02 1.965937e+03 6.589230e+01 6.957904e+01
267 4.032712e-01 3.318691e+01 1.082971e+01 1.415645e+02 1.968973e+03 6.594407e+01 6.962784e+01
268 4.044818e-01 3.326775e+01 1.080704e+01 1.416398e+02 1.972024e+03 6.599566e+01 6.967646e+01
269 4.056902e-01 3.334834e+01 1.078424e+01 1.417143e+02 1.975109e+03 6.604708e+01 6.972491e+01
270 4.068965e-01 3.342869e+01 1.076130e+01 1.417927e+02 1.978193e+03 6.609833e+01 6.977319e+01
271 4.081006e-01 3.350880e+01 1.073821e+01 1.418730e+02 1.981274e+03 6.614940e+01 6.982129e+01
272 4.093025e-01 3.358867e+01 1.071496e+01 1.419525e+02 1.984378e+03 6.620029e+01 6.986923e+01
273 4.105024e-01 3.366831e+01 1.069157e+01 1.420311e+02 1.987476e+03 6.625102e+01 6.991699e+01
274 4.117001e-01 3.374771e+01 1.066803e+01 1.421088e+02 1.990568e+03 6.630157e+01 6.996458e+01
275 4.128957e-01 3.382687e+01 1.064433e+01 1.421856e+02 1.993700e+03 6.635195e+01 7.001200e+01
276 4.140891e-01 3.390579e+01 1.062046e+01 1.422616e+02 1.996837e+03 6.640216e+01 7.005926e+01
277 4.152804e-01 3.398449e+01 1.059836e+01 1.423366e+02 1.999663e+03 6.645220e+01 7.031453e+01
278 4.164697e-01 3.406295e+01 1.057653e+01 1.424107e+02 2.002811e+03 6.650207e+01 7.036128e+01
279 4.176568e-01 3.414118e+01 1.055450e+01 1.424767e+02 2.005962e+03 6.655177e+01 7.040787e+01
280 4.188418e-01 3.421917e+01 1.053229e+01 1.425399e+02 2.009113e+03 6.660130e+01 7.045428e+01
281 4.200247e-01 3.429694e+01 1.050988e+01 1.426022e+02 2.012264e+03 6.665066e+01 7.050054e+01
282 4.212055e-01 3.437448e+01 1.048928e+01 1.426636e+02 2.015071e+03 6.669986e+01 7.075388e+01
283 4.223842e-01 3.445178e+01 1.046883e+01 1.427240e+02 2.018210e+03 6.674889e+01 7.079964e+01
284 4.235608e-01 3.452887e+01 1.044815e+01 1.427836e+02 2.021345e+03 6.679775e+01 7.084523e+01
285 4.247354e-01 3.460572e+01 1.042722e+01 1.428423e+02 2.024489e+03 6.684645e+01 7.089066e+01
286 4.259078e-01 3.468235e+01 1.040621e+01 1.429001e+02 2.027273e+03 6.689499e+01 7.114241e+01
287 4.270782e-01 3.475875e+01 1.038720e+01 1.429569e+02 2.030419e+03 6.694335e+01 7.118735e+01
288 4.282466e-01 3.483493e+01 1.036792e+01 1.430128e+02 2.033565e+03 6.699156e+01 7.123213e+01
289 4.294128e-01 3.491088e+01 1.034837e+01 1.430678e+02 2.036741e+03 6.703960e+01 7.127675e+01
290 4.305770e-01 3.498662e+01 1.032856e+01 1.431219e+02 2.039930e+03 6.708748e+01 7.132121e+01
291 4.317392e-01 3.506213e+01 1.030846e+01 1.431750e+02 2.043135e+03 6.713520e+01 7.136551e+01
