# it strain shortening ε_f δT D θ θc
1 0.000000e+00 0.000000e+00 1.231226e+00 5.684342e-14 7.167821e+03 4.198194e+01 4.516437e+01
2 1.770244e-03 1.768678e-01 1.268514e+00 1.501779e+00 7.034554e+03 4.265533e+01 4.523268e+01
3 3.539646e-03 3.533389e-01 1.304692e+00 2.789292e+00 6.829744e+03 4.312175e+01 4.515125e+01
4 5.308184e-03 5.294120e-01 1.341802e+00 3.997662e+00 6.642236e+03 4.351152e+01 4.509677e+01
5 7.075837e-03 7.050863e-01 1.382185e+00 5.298964e+00 6.452440e+03 4.389468e+01 4.507504e+01
6 8.842586e-03 8.803605e-01 1.423257e+00 6.576207e+00 6.245085e+03 4.422590e+01 4.524506e+01
7 1.060841e-02 1.055234e+00 1.467166e+00 7.840362e+00 6.011613e+03 4.453579e+01 4.570284e+01
8 1.237328e-02 1.229705e+00 1.544452e+00 9.313832e+00 5.789000e+03 4.645775e+01 4.565627e+01
9 1.413719e-02 1.403773e+00 1.617639e+00 1.077802e+01 5.475009e+03 4.756519e+01 4.589273e+01
10 1.590012e-02 1.577438e+00 1.685157e+00 1.220608e+01 5.163216e+03 4.828739e+01 4.585906e+01
11 1.766203e-02 1.750697e+00 1.753410e+00 1.361261e+01 4.939808e+03 4.892771e+01 4.602687e+01
12 1.942292e-02 1.923551e+00 1.812600e+00 1.491346e+01 4.769294e+03 4.906622e+01 4.601404e+01
13 2.118276e-02 2.095998e+00 1.881029e+00 1.626065e+01 4.602033e+03 4.939949e+01 4.629256e+01
14 2.294153e-02 2.268037e+00 1.946597e+00 1.757276e+01 4.451717e+03 4.945910e+01 4.630208e+01
15 2.469921e-02 2.439668e+00 2.015244e+00 1.889450e+01 4.307672e+03 4.893325e+01 4.632729e+01
16 2.645579e-02 2.610890e+00 2.668176e+00 2.587118e+01 3.296912e+03 4.331797e+01 4.642360e+01
17 2.821124e-02 2.781702e+00 2.795894e+00 2.765212e+01 3.177522e+03 4.318679e+01 4.733349e+01
18 2.996555e-02 2.952103e+00 2.954048e+00 2.955720e+01 3.045008e+03 4.363674e+01 4.648562e+01
19 3.171869e-02 3.122092e+00 3.140256e+00 3.154697e+01 2.924863e+03 4.392564e+01 4.787481e+01
20 3.347064e-02 3.291670e+00 3.300530e+00 3.319286e+01 2.819050e+03 4.423402e+01 4.692485e+01
21 3.522139e-02 3.460834e+00 3.462245e+00 3.482229e+01 2.727657e+03 4.415649e+01 4.724414e+01
22 3.697092e-02 3.629584e+00 3.618513e+00 3.647010e+01 2.648135e+03 4.458049e+01 4.758380e+01
23 3.871921e-02 3.797920e+00 3.819645e+00 3.818781e+01 2.562702e+03 4.473752e+01 4.760874e+01
24 4.046623e-02 3.965841e+00 4.058112e+00 4.000191e+01 2.482434e+03 4.478254e+01 4.806802e+01
25 4.221198e-02 4.133346e+00 4.260705e+00 4.168728e+01 2.409439e+03 4.543022e+01 4.822681e+01
26 4.395643e-02 4.300435e+00 4.459010e+00 4.305843e+01 2.333248e+03 4.529421e+01 4.855462e+01
27 4.569957e-02 4.467107e+00 4.690554e+00 4.437784e+01 2.257431e+03 4.548174e+01 4.900587e+01
28 4.744137e-02 4.633362e+00 4.907992e+00 4.613390e+01 2.192847e+03 4.562792e+01 4.915853e+01
29 4.918182e-02 4.799198e+00 5.118544e+00 4.809127e+01 2.136071e+03 4.611669e+01 4.917040e+01
30 5.092090e-02 4.964616e+00 5.359312e+00 4.980942e+01 2.076036e+03 4.656535e+01 4.961975e+01
31 5.265859e-02 5.129615e+00 5.656383e+00 5.121932e+01 2.009903e+03 4.667099e+01 5.013387e+01
32 5.439488e-02 5.294194e+00 5.943026e+00 5.291087e+01 1.949388e+03 4.695496e+01 5.044604e+01
33 5.612975e-02 5.458354e+00 6.319637e+00 5.448262e+01 1.884937e+03 4.706227e+01 4.978353e+01
34 5.786317e-02 5.622093e+00 6.628371e+00 5.623020e+01 1.829807e+03 4.757309e+01 4.967986e+01
35 5.959514e-02 5.785411e+00 6.894327e+00 5.810874e+01 1.781861e+03 4.731392e+01 5.024668e+01
36 6.132563e-02 5.948307e+00 7.208600e+00 5.988701e+01 1.731758e+03 4.746292e+01 5.037705e+01
37 6.305464e-02 6.110782e+00 7.594144e+00 6.132841e+01 1.677191e+03 4.745096e+01 4.981229e+01
38 6.478213e-02 6.272835e+00 7.925068e+00 6.303680e+01 1.630481e+03 4.770037e+01 4.981004e+01
39 6.650810e-02 6.434466e+00 8.277711e+00 6.471057e+01 1.583367e+03 4.808221e+01 4.962552e+01
40 6.823253e-02 6.595674e+00 8.616031e+00 6.639118e+01 1.541649e+03 4.835072e+01 5.015529e+01
41 6.995540e-02 6.756459e+00 8.948077e+00 6.816446e+01 1.501497e+03 4.848771e+01 4.998215e+01
42 7.167669e-02 6.916821e+00 9.289868e+00 6.985841e+01 1.463705e+03 4.856542e+01 5.018025e+01
43 7.339640e-02 7.076759e+00 9.624150e+00 7.158086e+01 1.430606e+03 4.856928e+01 5.047302e+01
44 7.511450e-02 7.236274e+00 9.958959e+00 7.335635e+01 1.401453e+03 4.857012e+01 5.083715e+01
45 7.683098e-02 7.395364e+00 1.033786e+01 7.573878e+01 1.381436e+03 4.871144e+01 5.193743e+01
46 7.854582e-02 7.554030e+00 1.065085e+01 7.715040e+01 1.355900e+03 4.905135e+01 5.174694e+01
47 8.025901e-02 7.712272e+00 1.098505e+01 7.879570e+01 1.334467e+03 4.910951e+01 5.197768e+01
48 8.197054e-02 7.870090e+00 1.148338e+01 8.135813e+01 1.315948e+03 4.926887e+01 5.341811e+01
49 8.368038e-02 8.027482e+00 1.182010e+01 8.294620e+01 1.297776e+03 4.935216e+01 5.356326e+01
50 8.538852e-02 8.184450e+00 1.183185e+01 8.402190e+01 1.283465e+03 4.966280e+01 5.220855e+01
51 8.709494e-02 8.340993e+00 1.206072e+01 8.539570e+01 1.269378e+03 4.971226e+01 5.244772e+01
52 8.879964e-02 8.497111e+00 1.214715e+01 8.676627e+01 1.264214e+03 4.970041e+01 5.235390e+01
53 9.050260e-02 8.652804e+00 1.239877e+01 8.815267e+01 1.253095e+03 4.983795e+01 5.260924e+01
54 9.220380e-02 8.808072e+00 1.290809e+01 9.026775e+01 1.241765e+03 4.990646e+01 5.320880e+01
55 9.390323e-02 8.962915e+00 1.324346e+01 9.178486e+01 1.231455e+03 4.987906e+01 5.354748e+01
56 9.560088e-02 9.117332e+00 1.326762e+01 9.297752e+01 1.224804e+03 5.004618e+01 5.370567e+01
57 9.729672e-02 9.271325e+00 1.350578e+01 9.419109e+01 1.217962e+03 5.025271e+01 5.372869e+01
58 9.899076e-02 9.424892e+00 1.326852e+01 9.485739e+01 1.222173e+03 5.031984e+01 5.358522e+01
59 1.006830e-01 9.578034e+00 1.349938e+01 9.612195e+01 1.220554e+03 5.046958e+01 5.360412e+01
60 1.023733e-01 9.730752e+00 1.406776e+01 9.800322e+01 1.212887e+03 5.061524e+01 5.411689e+01
61 1.040618e-01 9.883044e+00 1.427051e+01 9.906780e+01 1.209669e+03 5.066944e+01 5.430491e+01
62 1.057485e-01 1.003491e+01 1.406869e+01 9.980455e+01 1.210757e+03 5.088862e+01 5.469798e+01
63 1.074333e-01 1.018635e+01 1.380986e+01 1.003815e+02 1.218112e+03 5.094748e+01 5.455506e+01
64 1.091161e-01 1.033737e+01 1.402037e+01 1.014197e+02 1.216948e+03 5.112805e+01 5.419358e+01
65 1.107971e-01 1.048797e+01 1.455217e+01 1.028495e+02 1.212125e+03 5.130432e+01 5.492503e+01
66 1.124762e-01 1.063814e+01 1.434973e+01 1.035489e+02 1.215603e+03 5.138309e+01 5.510355e+01
67 1.141533e-01 1.078788e+01 1.416510e+01 1.040775e+02 1.224139e+03 5.157398e+01 5.476540e+01
68 1.158285e-01 1.093720e+01 1.465070e+01 1.053739e+02 1.220076e+03 5.173759e+01 5.513493e+01
69 1.175017e-01 1.108610e+01 1.466355e+01 1.061228e+02 1.222039e+03 5.192501e+01 5.544410e+01
70 1.191730e-01 1.123458e+01 1.424693e+01 1.065931e+02 1.231367e+03 5.207043e+01 5.520923e+01
71 1.208423e-01 1.138263e+01 1.426707e+01 1.072059e+02 1.235929e+03 5.220406e+01 5.533601e+01
72 1.225096e-01 1.153026e+01 1.475171e+01 1.082575e+02 1.232755e+03 5.226975e+01 5.567119e+01
73 1.241749e-01 1.167746e+01 1.429280e+01 1.086913e+02 1.243092e+03 5.235409e+01 5.549401e+01
74 1.258382e-01 1.182425e+01 1.429188e+01 1.092743e+02 1.248314e+03 5.244374e+01 5.558414e+01
75 1.274994e-01 1.197061e+01 1.469556e+01 1.101286e+02 1.245820e+03 5.257060e+01 5.567110e+01
76 1.291587e-01 1.211655e+01 1.364231e+01 1.083876e+02 1.316994e+03 5.307256e+01 5.508140e+01
77 1.308158e-01 1.226207e+01 1.384304e+01 1.093399e+02 1.314341e+03 5.370225e+01 5.524314e+01
78 1.324710e-01 1.240716e+01 1.393992e+01 1.101204e+02 1.314106e+03 5.395351e+01 5.530937e+01
79 1.341240e-01 1.255184e+01 1.399774e+01 1.108233e+02 1.314861e+03 5.414941e+01 5.539920e+01
80 1.357750e-01 1.269610e+01 1.408916e+01 1.115117e+02 1.314857e+03 5.449286e+01 5.544029e+01
81 1.374239e-01 1.283994e+01 1.413753e+01 1.121205e+02 1.315853e+03 5.469225e+01 5.550650e+01
82 1.390707e-01 1.298335e+01 1.416599e+01 1.127178e+02 1.317435e+03 5.484701e+01 5.558179e+01
83 1.407154e-01 1.312635e+01 1.418304e+01 1.132693e+02 1.319367e+03 5.501477e+01 5.565864e+01
84 1.423580e-01 1.326893e+01 1.416799e+01 1.137848e+02 1.322531e+03 5.508434e+01 5.577948e+01
85 1.439985e-01 1.341110e+01 1.419632e+01 1.142689e+02 1.323611e+03 5.539026e+01 5.579721e+01
86 1.456368e-01 1.355284e+01 1.415711e+01 1.147402e+02 1.328306e+03 5.542656e+01 5.595892e+01
87 1.472730e-01 1.369417e+01 1.415013e+01 1.152326e+02 1.330927e+03 5.556977e+01 5.602662e+01
88 1.489070e-01 1.383508e+01 1.412074e+01 1.157062e+02 1.335461e+03 5.562154e+01 5.616878e+01
89 1.505389e-01 1.397557e+01 1.409964e+01 1.161574e+02 1.339328e+03 5.574043e+01 5.627578e+01
90 1.521686e-01 1.411565e+01 1.407590e+01 1.166003e+02 1.343840e+03 5.581847e+01 5.641187e+01
91 1.537961e-01 1.425532e+01 1.405494e+01 1.170236e+02 1.347564e+03 5.592482e+01 5.650084e+01
92 1.554215e-01 1.439457e+01 1.403089e+01 1.174660e+02 1.351289e+03 5.601896e+01 5.658404e+01
93 1.570446e-01 1.453341e+01 1.401023e+01 1.178977e+02 1.355816e+03 5.605110e+01 5.671531e+01
94 1.586655e-01 1.467183e+01 1.399017e+01 1.183130e+02 1.360149e+03 5.611553e+01 5.683485e+01
95 1.602843e-01 1.480984e+01 1.396128e+01 1.187055e+02 1.364087e+03 5.625041e+01 5.691149e+01
96 1.619007e-01 1.494744e+01 1.393326e+01 1.190870e+02 1.368226e+03 5.640612e+01 5.700030e+01
97 1.635150e-01 1.508463e+01 1.390431e+01 1.194897e+02 1.372369e+03 5.652542e+01 5.708971e+01
98 1.651271e-01 1.522140e+01 1.387322e+01 1.198836e+02 1.376530e+03 5.664959e+01 5.717565e+01
99 1.667369e-01 1.535777e+01 1.383675e+01 1.202683e+02 1.380653e+03 5.679245e+01 5.725103e+01
100 1.683444e-01 1.549373e+01 1.380261e+01 1.206358e+02 1.384835e+03 5.688520e+01 5.733443e+01
101 1.699497e-01 1.562927e+01 1.375928e+01 1.210049e+02 1.388681e+03 5.704440e+01 5.757270e+01
102 1.715527e-01 1.576441e+01 1.372760e+01 1.213728e+02 1.392884e+03 5.716987e+01 5.764847e+01
103 1.731535e-01 1.589914e+01 1.370137e+01 1.217265e+02 1.397253e+03 5.727075e+01 5.774467e+01
104 1.747519e-01 1.603347e+01 1.367146e+01 1.220639e+02 1.401503e+03 5.736309e+01 5.782950e+01
105 1.763481e-01 1.616739e+01 1.364046e+01 1.223821e+02 1.405718e+03 5.744554e+01 5.791206e+01
106 1.779420e-01 1.630090e+01 1.362630e+01 1.226868e+02 1.410100e+03 5.751617e+01 5.803615e+01
107 1.795336e-01 1.643401e+01 1.359877e+01 1.229836e+02 1.414298e+03 5.760797e+01 5.812526e+01
108 1.811229e-01 1.656672e+01 1.357147e+01 1.232886e+02 1.418202e+03 5.770641e+01 5.838083e+01
109 1.827099e-01 1.669902e+01 1.355414e+01 1.235902e+02 1.422597e+03 5.778951e+01 5.832315e+01
110 1.842946e-01 1.683092e+01 1.352860e+01 1.238649e+02 1.426467e+03 5.786647e+01 5.857600e+01
111 1.858769e-01 1.696242e+01 1.350695e+01 1.241318e+02 1.430553e+03 5.794994e+01 5.867040e+01
112 1.874569e-01 1.709352e+01 1.348217e+01 1.243773e+02 1.434622e+03 5.803195e+01 5.875358e+01
113 1.890346e-01 1.722421e+01 1.346798e+01 1.246604e+02 1.438481e+03 5.809970e+01 5.886717e+01
114 1.906100e-01 1.735451e+01 1.344964e+01 1.249296e+02 1.442361e+03 5.817113e+01 5.896634e+01
115 1.921830e-01 1.748441e+01 1.342447e+01 1.251687e+02 1.446333e+03 5.825571e+01 5.904609e+01
116 1.937536e-01 1.761392e+01 1.340921e+01 1.254210e+02 1.450095e+03 5.832278e+01 5.914983e+01
117 1.953219e-01 1.774302e+01 1.338896e+01 1.256482e+02 1.453918e+03 5.840378e+01 5.924017e+01
118 1.968879e-01 1.787173e+01 1.337227e+01 1.258780e+02 1.457610e+03 5.847793e+01 5.933757e+01
119 1.984515e-01 1.800004e+01 1.335452e+01 1.261215e+02 1.461308e+03 5.855718e+01 5.943131e+01
120 2.000127e-01 1.812796e+01 1.332915e+01 1.263234e+02 1.465169e+03 5.864372e+01 5.950777e+01
121 2.015715e-01 1.825549e+01 1.331180e+01 1.265371e+02 1.468825e+03 5.871906e+01 5.960057e+01
122 2.031280e-01 1.838262e+01 1.329077e+01 1.267286e+02 1.472549e+03 5.879862e+01 5.968511e+01
123 2.046821e-01 1.850937e+01 1.327220e+01 1.269169e+02 1.476156e+03 5.887103e+01 5.977354e+01
124 2.062338e-01 1.863572e+01 1.325904e+01 1.271238e+02 1.479623e+03 5.893890e+01 5.987148e+01
125 2.077831e-01 1.876168e+01 1.324131e+01 1.273259e+02 1.483195e+03 5.901638e+01 5.995985e+01
126 2.093301e-01 1.888725e+01 1.322593e+01 1.275264e+02 1.486674e+03 5.908991e+01 6.005161e+01
127 2.108746e-01 1.901244e+01 1.320919e+01 1.277127e+02 1.490128e+03 5.916250e+01 6.013981e+01
128 2.124167e-01 1.913723e+01 1.320019e+01 1.279165e+02 1.493399e+03 5.923460e+01 6.024070e+01
129 2.139564e-01 1.926165e+01 1.318502e+01 1.280905e+02 1.496817e+03 5.930755e+01 6.033009e+01
130 2.154938e-01 1.938567e+01 1.316395e+01 1.282460e+02 1.500076e+03 5.938115e+01 6.057505e+01
131 2.170287e-01 1.950931e+01 1.315342e+01 1.284490e+02 1.503581e+03 5.945136e+01 6.050440e+01
132 2.185612e-01 1.963257e+01 1.314101e+01 1.285982e+02 1.506879e+03 5.951667e+01 6.059551e+01
133 2.200913e-01 1.975544e+01 1.313001e+01 1.287323e+02 1.510178e+03 5.958509e+01 6.068833e+01
134 2.216189e-01 1.987794e+01 1.311115e+01 1.288720e+02 1.513367e+03 5.966106e+01 6.093348e+01
135 2.231442e-01 2.000005e+01 1.308377e+01 1.290220e+02 1.517075e+03 5.974333e+01 6.099028e+01
136 2.246670e-01 2.012178e+01 1.306092e+01 1.291593e+02 1.520602e+03 5.983279e+01 6.105743e+01
137 2.261874e-01 2.024314e+01 1.304189e+01 1.292988e+02 1.523984e+03 5.990843e+01 6.113203e+01
138 2.277053e-01 2.036411e+01 1.302850e+01 1.294375e+02 1.527242e+03 5.997902e+01 6.121828e+01
139 2.292209e-01 2.048471e+01 1.301805e+01 1.295592e+02 1.530424e+03 6.004598e+01 6.130962e+01
140 2.307340e-01 2.060493e+01 1.299949e+01 1.296839e+02 1.533494e+03 6.012094e+01 6.154841e+01
141 2.322446e-01 2.072478e+01 1.299492e+01 1.297896e+02 1.536771e+03 6.018186e+01 6.148538e+01
142 2.337529e-01 2.084426e+01 1.299606e+01 1.298895e+02 1.539774e+03 6.022809e+01 6.159552e+01
143 2.352586e-01 2.096336e+01 1.299141e+01 1.300162e+02 1.542916e+03 6.028637e+01 6.169360e+01
144 2.367620e-01 2.108209e+01 1.297310e+01 1.301449e+02 1.546174e+03 6.036047e+01 6.176635e+01
145 2.382629e-01 2.120045e+01 1.298279e+01 1.302590e+02 1.549315e+03 6.041040e+01 6.188780e+01
146 2.397613e-01 2.131844e+01 1.297119e+01 1.303763e+02 1.552617e+03 6.047851e+01 6.197086e+01
147 2.412573e-01 2.143606e+01 1.296595e+01 1.304878e+02 1.555966e+03 6.054018e+01 6.206451e+01
148 2.427509e-01 2.155331e+01 1.294565e+01 1.305948e+02 1.559233e+03 6.062261e+01 6.213206e+01
149 2.442420e-01 2.167020e+01 1.292994e+01 1.307099e+02 1.562485e+03 6.069544e+01 6.220700e+01
150 2.457307e-01 2.178672e+01 1.294116e+01 1.308357e+02 1.566258e+03 6.074080e+01 6.216111e+01
151 2.472169e-01 2.190287e+01 1.291877e+01 1.309537e+02 1.569613e+03 6.081482e+01 6.224036e+01
152 2.487006e-01 2.201866e+01 1.290086e+01 1.310670e+02 1.573235e+03 6.088325e+01 6.215900e+01
153 2.501819e-01 2.213409e+01 1.289956e+01 1.311786e+02 1.576683e+03 6.094446e+01 6.225016e+01
154 2.516608e-01 2.224916e+01 1.287987e+01 1.312804e+02 1.579917e+03 6.101089e+01 6.232335e+01
155 2.531372e-01 2.236386e+01 1.285777e+01 1.313753e+02 1.583117e+03 6.108256e+01 6.239350e+01
156 2.546111e-01 2.247821e+01 1.284436e+01 1.315019e+02 1.587161e+03 6.113693e+01 6.233618e+01
157 2.560826e-01 2.259220e+01 1.282033e+01 1.316118e+02 1.590341e+03 6.118850e+01 6.240604e+01
158 2.575516e-01 2.270583e+01 1.279670e+01 1.317189e+02 1.593508e+03 6.123850e+01 6.247594e+01
159 2.590182e-01 2.281910e+01 1.277342e+01 1.318265e+02 1.596687e+03 6.131299e+01 6.254611e+01
160 2.604823e-01 2.293202e+01 1.274607e+01 1.319388e+02 1.600489e+03 6.136166e+01 6.264439e+01
161 2.619440e-01 2.304459e+01 1.272269e+01 1.320374e+02 1.603678e+03 6.142486e+01 6.271471e+01
162 2.634032e-01 2.315680e+01 1.270012e+01 1.321341e+02 1.606790e+03 6.148992e+01 6.278165e+01
163 2.648599e-01 2.326866e+01 1.267363e+01 1.322554e+02 1.610292e+03 6.154635e+01 6.286543e+01
164 2.663142e-01 2.338016e+01 1.264682e+01 1.323739e+02 1.613928e+03 6.160642e+01 6.295209e+01
165 2.677660e-01 2.349132e+01 1.262637e+01 1.324809e+02 1.616799e+03 6.167258e+01 6.300981e+01
166 2.692154e-01 2.360213e+01 1.260342e+01 1.325927e+02 1.619972e+03 6.173447e+01 6.307958e+01
167 2.706623e-01 2.371259e+01 1.258089e+01 1.327001e+02 1.623079e+03 6.180357e+01 6.314694e+01
168 2.721067e-01 2.382270e+01 1.255243e+01 1.328073e+02 1.627296e+03 6.184721e+01 6.325249e+01
169 2.735487e-01 2.393247e+01 1.252856e+01 1.329088e+02 1.630800e+03 6.190577e+01 6.333292e+01
170 2.749883e-01 2.404190e+01 1.250755e+01 1.330250e+02 1.633698e+03 6.197104e+01 6.339224e+01
171 2.764253e-01 2.415098e+01 1.248636e+01 1.331446e+02 1.636602e+03 6.203853e+01 6.345255e+01
172 2.778600e-01 2.425971e+01 1.246270e+01 1.332589e+02 1.640187e+03 6.209758e+01 6.353614e+01
173 2.792922e-01 2.436811e+01 1.244120e+01 1.333718e+02 1.643164e+03 6.216135e+01 6.359935e+01
174 2.807219e-01 2.447616e+01 1.241926e+01 1.334844e+02 1.646326e+03 6.222148e+01 6.366774e+01
175 2.821492e-01 2.458388e+01 1.239757e+01 1.335931e+02 1.649399e+03 6.228886e+01 6.373318e+01
176 2.835740e-01 2.469126e+01 1.237531e+01 1.336956e+02 1.652870e+03 6.235049e+01 6.381081e+01
177 2.849963e-01 2.479830e+01 1.235303e+01 1.338062e+02 1.656657e+03 6.241413e+01 6.389762e+01
178 2.864163e-01 2.490500e+01 1.233174e+01 1.339318e+02 1.659599e+03 6.247716e+01 6.395929e+01
179 2.878337e-01 2.501137e+01 1.231036e+01 1.340439e+02 1.662928e+03 6.253627e+01 6.403218e+01
180 2.892488e-01 2.511741e+01 1.229040e+01 1.341521e+02 1.665786e+03 6.259511e+01 6.425664e+01
181 2.906614e-01 2.522311e+01 1.227132e+01 1.342568e+02 1.668812e+03 6.266120e+01 6.432053e+01
182 2.920715e-01 2.532849e+01 1.225063e+01 1.343552e+02 1.672201e+03 6.273012e+01 6.439491e+01
183 2.934792e-01 2.543353e+01 1.223222e+01 1.344525e+02 1.675056e+03 6.279718e+01 6.445390e+01
184 2.948845e-01 2.553824e+01 1.221208e+01 1.345442e+02 1.678357e+03 6.285405e+01 6.452548e+01
185 2.962873e-01 2.564262e+01 1.219396e+01 1.346523e+02 1.681081e+03 6.292086e+01 6.458067e+01
186 2.976877e-01 2.574668e+01 1.217557e+01 1.347565e+02 1.683905e+03 6.297834e+01 6.480300e+01
187 2.990856e-01 2.585041e+01 1.215636e+01 1.348592e+02 1.687170e+03 6.304029e+01 6.487338e+01
188 3.004811e-01 2.595381e+01 1.214343e+01 1.349534e+02 1.689554e+03 6.310460e+01 6.491931e+01
189 3.018742e-01 2.605689e+01 1.212099e+01 1.350525e+02 1.693292e+03 6.315788e+01 6.500213e+01
190 3.032648e-01 2.615965e+01 1.209776e+01 1.351543e+02 1.697224e+03 6.320863e+01 6.509037e+01
191 3.046531e-01 2.626208e+01 1.207779e+01 1.352486e+02 1.700710e+03 6.326499e+01 6.516588e+01
192 3.060389e-01 2.636420e+01 1.205807e+01 1.353421e+02 1.704160e+03 6.331683e+01 6.524140e+01
193 3.074222e-01 2.646599e+01 1.203795e+01 1.354522e+02 1.708037e+03 6.336518e+01 6.516613e+01
194 3.088032e-01 2.656747e+01 1.201937e+01 1.355612e+02 1.711659e+03 6.341709e+01 6.524721e+01
195 3.101817e-01 2.666863e+01 1.200194e+01 1.356533e+02 1.714178e+03 6.347765e+01 6.545839e+01
196 3.115578e-01 2.676947e+01 1.198430e+01 1.357494e+02 1.717360e+03 6.353794e+01 6.552625e+01
197 3.129315e-01 2.687000e+01 1.196501e+01 1.358511e+02 1.721189e+03 6.358957e+01 6.545175e+01
198 3.143028e-01 2.697021e+01 1.194812e+01 1.359394e+02 1.723938e+03 6.363056e+01 6.566961e+01
199 3.156717e-01 2.707011e+01 1.193089e+01 1.360272e+02 1.727058e+03 6.368088e+01 6.573639e+01
200 3.170381e-01 2.716970e+01 1.191287e+01 1.361319e+02 1.731095e+03 6.371390e+01 6.567383e+01
201 3.184022e-01 2.726898e+01 1.189512e+01 1.362228e+02 1.733630e+03 6.376008e+01 6.588426e+01
202 3.197639e-01 2.736795e+01 1.187859e+01 1.363169e+02 1.736577e+03 6.381497e+01 6.594643e+01
203 3.211231e-01 2.746660e+01 1.186139e+01 1.364162e+02 1.739737e+03 6.386643e+01 6.601712e+01
204 3.224800e-01 2.756496e+01 1.184487e+01 1.365062e+02 1.742706e+03 6.391492e+01 6.608010e+01
205 3.238344e-01 2.766300e+01 1.182839e+01 1.365921e+02 1.745653e+03 6.397501e+01 6.614155e+01
206 3.251865e-01 2.776074e+01 1.181223e+01 1.366673e+02 1.748418e+03 6.404830e+01 6.619511e+01
207 3.265362e-01 2.785817e+01 1.179508e+01 1.367659e+02 1.751700e+03 6.409140e+01 6.627353e+01
208 3.278835e-01 2.795530e+01 1.177899e+01 1.368253e+02 1.754286e+03 6.415451e+01 6.631754e+01
209 3.292284e-01 2.805213e+01 1.176225e+01 1.369136e+02 1.757357e+03 6.420166e+01 6.638456e+01
210 3.305709e-01 2.814866e+01 1.174948e+01 1.369800e+02 1.759629e+03 6.427036e+01 6.657948e+01
211 3.319111e-01 2.824489e+01 1.173114e+01 1.370803e+02 1.762909e+03 6.431308e+01 6.665643e+01
212 3.332488e-01 2.834081e+01 1.171612e+01 1.371537e+02 1.765760e+03 6.437291e+01 6.671306e+01
213 3.345842e-01 2.843644e+01 1.170090e+01 1.372255e+02 1.768602e+03 6.441753e+01 6.676998e+01
214 3.359173e-01 2.853178e+01 1.168551e+01 1.372948e+02 1.771457e+03 6.447542e+01 6.682715e+01
215 3.372479e-01 2.862681e+01 1.167171e+01 1.373686e+02 1.773900e+03 6.453311e+01 6.702974e+01
216 3.385763e-01 2.872156e+01 1.165392e+01 1.374822e+02 1.776980e+03 6.457863e+01 6.709993e+01
217 3.399022e-01 2.881601e+01 1.163931e+01 1.375790e+02 1.779840e+03 6.462986e+01 6.715854e+01
218 3.412258e-01 2.891016e+01 1.162543e+01 1.376700e+02 1.782647e+03 6.468853e+01 6.721380e+01
219 3.425470e-01 2.900403e+01 1.161140e+01 1.377599e+02 1.785465e+03 6.474700e+01 6.726886e+01
220 3.438659e-01 2.909760e+01 1.159202e+01 1.378839e+02 1.788597e+03 6.479321e+01 6.734635e+01
221 3.451825e-01 2.919089e+01 1.157787e+01 1.379728e+02 1.791416e+03 6.484649e+01 6.740131e+01
222 3.464967e-01 2.928388e+01 1.156462e+01 1.380523e+02 1.794177e+03 6.490308e+01 6.745099e+01
223 3.478085e-01 2.937659e+01 1.155327e+01 1.381315e+02 1.796612e+03 6.496142e+01 6.764877e+01
224 3.491180e-01 2.946901e+01 1.153696e+01 1.382351e+02 1.799550e+03 6.500920e+01 6.771224e+01
225 3.504252e-01 2.956115e+01 1.152511e+01 1.383194e+02 1.802317e+03 6.505903e+01 6.776255e+01
226 3.517301e-01 2.965300e+01 1.150935e+01 1.384214e+02 1.805220e+03 6.511017e+01 6.782387e+01
227 3.530326e-01 2.974457e+01 1.149768e+01 1.385074e+02 1.807972e+03 6.516201e+01 6.787205e+01
228 3.543328e-01 2.983586e+01 1.148077e+01 1.386125e+02 1.810901e+03 6.521118e+01 6.793631e+01
229 3.556307e-01 2.992687e+01 1.146422e+01 1.387171e+02 1.813770e+03 6.522677e+01 6.799903e+01
230 3.569263e-01 3.001759e+01 1.145426e+01 1.387979e+02 1.816463e+03 6.527859e+01 6.803858e+01
231 3.582196e-01 3.010804e+01 1.143946e+01 1.388953e+02 1.819298e+03 6.531776e+01 6.809404e+01
232 3.595105e-01 3.019821e+01 1.141383e+01 1.390370e+02 1.822313e+03 6.534122e+01 6.819099e+01
233 3.607992e-01 3.028810e+01 1.139636e+01 1.391470e+02 1.825098e+03 6.537229e+01 6.825797e+01
234 3.620856e-01 3.037772e+01 1.138168e+01 1.392430e+02 1.827888e+03 6.542742e+01 6.831378e+01
235 3.633696e-01 3.046706e+01 1.136378e+01 1.393440e+02 1.830632e+03 6.546580e+01 6.838329e+01
236 3.646514e-01 3.055613e+01 1.134996e+01 1.394292e+02 1.833441e+03 6.551038e+01 6.843438e+01
237 3.659309e-01 3.064493e+01 1.133747e+01 1.395236e+02 1.836278e+03 6.556022e+01 6.847770e+01
238 3.672081e-01 3.073345e+01 1.131987e+01 1.396095e+02 1.838989e+03 6.559869e+01 6.854593e+01
239 3.684830e-01 3.082170e+01 1.130120e+01 1.396986e+02 1.841599e+03 6.564047e+01 6.862123e+01
240 3.697556e-01 3.090969e+01 1.128222e+01 1.397845e+02 1.844095e+03 6.566107e+01 6.870008e+01
241 3.710260e-01 3.099740e+01 1.127037e+01 1.398655e+02 1.847067e+03 6.571170e+01 6.873562e+01
242 3.722941e-01 3.108485e+01 1.126188e+01 1.399587e+02 1.850249e+03 6.578694e+01 6.874388e+01
243 3.735599e-01 3.117203e+01 1.124681e+01 1.400444e+02 1.853080e+03 6.583976e+01 6.879311e+01
244 3.748235e-01 3.125894e+01 1.122975e+01 1.401199e+02 1.855800e+03 6.587195e+01 6.885664e+01
245 3.760848e-01 3.134559e+01 1.121448e+01 1.402054e+02 1.858639e+03 6.591736e+01 6.890454e+01
246 3.773439e-01 3.143198e+01 1.119520e+01 1.402664e+02 1.861088e+03 6.591949e+01 6.899043e+01
247 3.786007e-01 3.151810e+01 1.117791e+01 1.403381e+02 1.863653e+03 6.595323e+01 6.906062e+01
248 3.798553e-01 3.160396e+01 1.116177e+01 1.404158e+02 1.866360e+03 6.599392e+01 6.911879e+01
249 3.811076e-01 3.168956e+01 1.114560e+01 1.404955e+02 1.869053e+03 6.603202e+01 6.917715e+01
250 3.823577e-01 3.177490e+01 1.113051e+01 1.405885e+02 1.872039e+03 6.608817e+01 6.921489e+01
251 3.836056e-01 3.185999e+01 1.111382e+01 1.406638e+02 1.874662e+03 6.610766e+01 6.927887e+01
252 3.848512e-01 3.194481e+01 1.109704e+01 1.407328e+02 1.877226e+03 6.613017e+01 6.935029e+01
253 3.860946e-01 3.202938e+01 1.108069e+01 1.408077e+02 1.879889e+03 6.616807e+01 6.941499e+01
254 3.873358e-01 3.211369e+01 1.106468e+01 1.409021e+02 1.882838e+03 6.621807e+01 6.945427e+01
255 3.885748e-01 3.219775e+01 1.104825e+01 1.409913e+02 1.885727e+03 6.625794e+01 6.949793e+01
256 3.898115e-01 3.228155e+01 1.103184e+01 1.410620e+02 1.888359e+03 6.628383e+01 6.956566e+01
257 3.910461e-01 3.236510e+01 1.101490e+01 1.411523e+02 1.891304e+03 6.632274e+01 6.960433e+01
258 3.922784e-01 3.244840e+01 1.099807e+01 1.412313e+02 1.894089e+03 6.635169e+01 6.965766e+01
259 3.935086e-01 3.253145e+01 1.098077e+01 1.413146e+02 1.896967e+03 6.638905e+01 6.970280e+01
260 3.947366e-01 3.261425e+01 1.096371e+01 1.413913e+02 1.899760e+03 6.641374e+01 6.975688e+01
261 3.959623e-01 3.269679e+01 1.094682e+01 1.414653e+02 1.902534e+03 6.643553e+01 6.981480e+01
262 3.971859e-01 3.277910e+01 1.093102e+01 1.415322e+02 1.905246e+03 6.645785e+01 6.988604e+01
263 3.984073e-01 3.286115e+01 1.091548e+01 1.415997e+02 1.908093e+03 6.646223e+01 6.995675e+01
264 3.996265e-01 3.294296e+01 1.089941e+01 1.416698e+02 1.911010e+03 6.647444e+01 7.001931e+01
265 4.008436e-01 3.302452e+01 1.088286e+01 1.417399e+02 1.913977e+03 6.649445e+01 7.007656e+01
266 4.020585e-01 3.310584e+01 1.085365e+01 1.418064e+02 1.917482e+03 6.649813e+01 7.000251e+01
267 4.032712e-01 3.318691e+01 1.082832e+01 1.418752e+02 1.920615e+03 6.652236e+01 7.006346e+01
268 4.044818e-01 3.326775e+01 1.080193e+01 1.419452e+02 1.924150e+03 6.654757e+01 6.997863e+01
269 4.056902e-01 3.334834e+01 1.077598e+01 1.420154e+02 1.927256e+03 6.657590e+01 7.003276e+01
270 4.068965e-01 3.342869e+01 1.075633e+01 1.420870e+02 1.929744e+03 6.661065e+01 7.021828e+01
271 4.081006e-01 3.350880e+01 1.072366e+01 1.421543e+02 1.933560e+03 6.662921e+01 7.014115e+01
272 4.093025e-01 3.358867e+01 1.069209e+01 1.422219e+02 1.937051e+03 6.663744e+01 7.020505e+01
273 4.105024e-01 3.366831e+01 1.066007e+01 1.422895e+02 1.940682e+03 6.665736e+01 7.027015e+01
274 4.117001e-01 3.374771e+01 1.063059e+01 1.423576e+02 1.944239e+03 6.668536e+01 7.033071e+01
275 4.128957e-01 3.382687e+01 1.060487e+01 1.424256e+02 1.947549e+03 6.673033e+01 7.038392e+01
276 4.140891e-01 3.390579e+01 1.057457e+01 1.424958e+02 1.951295e+03 6.675467e+01 7.044626e+01
277 4.152804e-01 3.398449e+01 1.053971e+01 1.425718e+02 1.956248e+03 6.671301e+01 7.038341e+01
278 4.164697e-01 3.406295e+01 1.051481e+01 1.426403e+02 1.959560e+03 6.674786e+01 7.043392e+01
279 4.176568e-01 3.414118e+01 1.048423e+01 1.427150e+02 1.963797e+03 6.674369e+01 7.050257e+01
280 4.188418e-01 3.421917e+01 1.045134e+01 1.427991e+02 1.969574e+03 6.672218e+01 7.045410e+01
281 4.200247e-01 3.429694e+01 1.042641e+01 1.428673e+02 1.972902e+03 6.673659e+01 7.050351e+01
282 4.212055e-01 3.437448e+01 1.039992e+01 1.429406e+02 1.976799e+03 6.676549e+01 7.056489e+01
283 4.223842e-01 3.445178e+01 1.037458e+01 1.430094e+02 1.980258e+03 6.678336e+01 7.061711e+01
284 4.235608e-01 3.452887e+01 1.034879e+01 1.430801e+02 1.983895e+03 6.680195e+01 7.067341e+01
285 4.247354e-01 3.460572e+01 1.032382e+01 1.431450e+02 1.987129e+03 6.682279e+01 7.072040e+01
286 4.259078e-01 3.468235e+01 1.029771e+01 1.432244e+02 1.991830e+03 6.682548e+01 7.065437e+01
287 4.270782e-01 3.475875e+01 1.027368e+01 1.433041e+02 1.995843e+03 6.682969e+01 7.072450e+01
288 4.282466e-01 3.483493e+01 1.024698e+01 1.433609e+02 1.998717e+03 6.685055e+01 7.076087e+01
289 4.294128e-01 3.491088e+01 1.022110e+01 1.434186e+02 2.001192e+03 6.688846e+01 7.093709e+01
290 4.305770e-01 3.498662e+01 1.034377e+01 1.430382e+02 1.987247e+03 6.688312e+01 7.128320e+01
291 4.317392e-01 3.506213e+01 1.032610e+01 1.430965e+02 1.990629e+03 6.689660e+01 7.134896e+01
