# it strain shortening ε_f δT D θ θc
1 0.000000e+00 0.000000e+00 1.231226e+00 5.684342e-14 7.167821e+03 4.198194e+01 4.516437e+01
2 1.770244e-03 1.768678e-01 1.268282e+00 1.373059e+00 7.027811e+03 4.264731e+01 4.523471e+01
3 3.539646e-03 3.533389e-01 1.304297e+00 2.719496e+00 6.820294e+03 4.312175e+01 4.515125e+01
4 5.308184e-03 5.294120e-01 1.341298e+00 4.048816e+00 6.631422e+03 4.351428e+01 4.509009e+01
5 7.075837e-03 7.050863e-01 1.381580e+00 5.364706e+00 6.441349e+03 4.389999e+01 4.506160e+01
6 8.842586e-03 8.803605e-01 1.422286e+00 6.654321e+00 6.232641e+03 4.421961e+01 4.525568e+01
7 1.060841e-02 1.055234e+00 1.465947e+00 7.930515e+00 6.015288e+03 4.453186e+01 4.554602e+01
8 1.237328e-02 1.229705e+00 1.542941e+00 9.414289e+00 5.778973e+03 4.644948e+01 4.566518e+01
9 1.413719e-02 1.403773e+00 1.615998e+00 1.086406e+01 5.468476e+03 4.755755e+01 4.588016e+01
10 1.590012e-02 1.577438e+00 1.682026e+00 1.223865e+01 5.166513e+03 4.824750e+01 4.574533e+01
11 1.766203e-02 1.750697e+00 1.750866e+00 1.360981e+01 4.941251e+03 4.890610e+01 4.602505e+01
12 1.942292e-02 1.923551e+00 1.809999e+00 1.492631e+01 4.772363e+03 4.918485e+01 4.599174e+01
13 2.118276e-02 2.095998e+00 1.877789e+00 1.628202e+01 4.607592e+03 4.938821e+01 4.627443e+01
14 2.294153e-02 2.268037e+00 1.942795e+00 1.759580e+01 4.459934e+03 4.941578e+01 4.628098e+01
15 2.469921e-02 2.439668e+00 2.008237e+00 1.889951e+01 4.332253e+03 4.895454e+01 4.640827e+01
16 2.645579e-02 2.610890e+00 2.646191e+00 2.573638e+01 3.325274e+03 4.338351e+01 4.633579e+01
17 2.821124e-02 2.781702e+00 2.783138e+00 2.762441e+01 3.194662e+03 4.315581e+01 4.740756e+01
18 2.996555e-02 2.952103e+00 2.943603e+00 2.955669e+01 3.061398e+03 4.369051e+01 4.637666e+01
19 3.171869e-02 3.122092e+00 3.118807e+00 3.150684e+01 2.945899e+03 4.386723e+01 4.765281e+01
20 3.347064e-02 3.291670e+00 3.281575e+00 3.319163e+01 2.839795e+03 4.423402e+01 4.692485e+01
21 3.522139e-02 3.460834e+00 3.422873e+00 3.485626e+01 2.760137e+03 4.407431e+01 4.719401e+01
22 3.697092e-02 3.629584e+00 3.595894e+00 3.648865e+01 2.668910e+03 4.463018e+01 4.708045e+01
23 3.871921e-02 3.797920e+00 3.797483e+00 3.820211e+01 2.585754e+03 4.478675e+01 4.743722e+01
24 4.046623e-02 3.965841e+00 3.959501e+00 3.985782e+01 2.517722e+03 4.471079e+01 4.768758e+01
25 4.221198e-02 4.133346e+00 4.221373e+00 4.172622e+01 2.439264e+03 4.520960e+01 4.836481e+01
26 4.395643e-02 4.300435e+00 4.417135e+00 4.302673e+01 2.359856e+03 4.551005e+01 4.832203e+01
27 4.569957e-02 4.467107e+00 4.618826e+00 4.480116e+01 2.295449e+03 4.547066e+01 4.861541e+01
28 4.744137e-02 4.633362e+00 4.857191e+00 4.613992e+01 2.222603e+03 4.569263e+01 4.901443e+01
29 4.918182e-02 4.799198e+00 5.053763e+00 4.813821e+01 2.167375e+03 4.602071e+01 4.885627e+01
30 5.092090e-02 4.964616e+00 5.287880e+00 4.984077e+01 2.107847e+03 4.638243e+01 4.927656e+01
31 5.265859e-02 5.129615e+00 5.581762e+00 5.122690e+01 2.040833e+03 4.674787e+01 4.962983e+01
32 5.439488e-02 5.294194e+00 5.831759e+00 5.302474e+01 1.983441e+03 4.667497e+01 4.995984e+01
33 5.612975e-02 5.458354e+00 6.114703e+00 5.473264e+01 1.926928e+03 4.689126e+01 5.030356e+01
34 5.786317e-02 5.622093e+00 6.522703e+00 5.622334e+01 1.863748e+03 4.732012e+01 4.977464e+01
35 5.959514e-02 5.785411e+00 6.820721e+00 5.797281e+01 1.811853e+03 4.761034e+01 4.986058e+01
36 6.132563e-02 5.948307e+00 7.093092e+00 5.984193e+01 1.764266e+03 4.740629e+01 5.041977e+01
37 6.305464e-02 6.110782e+00 7.395762e+00 6.167060e+01 1.717349e+03 4.747295e+01 5.072194e+01
38 6.478213e-02 6.272835e+00 7.783205e+00 6.308757e+01 1.663616e+03 4.750544e+01 5.010496e+01
39 6.650810e-02 6.434466e+00 8.127193e+00 6.484062e+01 1.616274e+03 4.778471e+01 5.006169e+01
40 6.823253e-02 6.595674e+00 8.489980e+00 6.652341e+01 1.569581e+03 4.820656e+01 4.982145e+01
41 6.995540e-02 6.756459e+00 8.859386e+00 6.815210e+01 1.525183e+03 4.878621e+01 5.011024e+01
42 7.167669e-02 6.916821e+00 9.171197e+00 7.011588e+01 1.487993e+03 4.852384e+01 5.036399e+01
43 7.339640e-02 7.076759e+00 9.518752e+00 7.182928e+01 1.451367e+03 4.862908e+01 5.052282e+01
44 7.511450e-02 7.236274e+00 9.863340e+00 7.364860e+01 1.419527e+03 4.862902e+01 5.088774e+01
45 7.683098e-02 7.395364e+00 1.020481e+01 7.530000e+01 1.388567e+03 4.878312e+01 5.090369e+01
46 7.854582e-02 7.554030e+00 1.060269e+01 7.773812e+01 1.368343e+03 4.888236e+01 5.196643e+01
47 8.025901e-02 7.712272e+00 1.097159e+01 7.952684e+01 1.343515e+03 4.893633e+01 5.224020e+01
48 8.197054e-02 7.870090e+00 1.140550e+01 8.193669e+01 1.321858e+03 4.907066e+01 5.324648e+01
49 8.368038e-02 8.027482e+00 1.175165e+01 8.354668e+01 1.300265e+03 4.927692e+01 5.295741e+01
50 8.538852e-02 8.184450e+00 1.210552e+01 8.513027e+01 1.280831e+03 4.945397e+01 5.310960e+01
51 8.709494e-02 8.340993e+00 1.212231e+01 8.630168e+01 1.265301e+03 4.982061e+01 5.281927e+01
52 8.879964e-02 8.497111e+00 1.233980e+01 8.772191e+01 1.250360e+03 4.985816e+01 5.273748e+01
53 9.050260e-02 8.652804e+00 1.253356e+01 8.909630e+01 1.238776e+03 4.979955e+01 5.315597e+01
54 9.220380e-02 8.808072e+00 1.279113e+01 9.072649e+01 1.230854e+03 4.984312e+01 5.297080e+01
55 9.390323e-02 8.962915e+00 1.302024e+01 9.208935e+01 1.219345e+03 5.006764e+01 5.343360e+01
56 9.560088e-02 9.117332e+00 1.372386e+01 9.445649e+01 1.204910e+03 5.009620e+01 5.371864e+01
57 9.729672e-02 9.271325e+00 1.406810e+01 9.597337e+01 1.195289e+03 5.018858e+01 5.399424e+01
58 9.899076e-02 9.424892e+00 1.387263e+01 9.683207e+01 1.191913e+03 5.036956e+01 5.435239e+01
59 1.006830e-01 9.578034e+00 1.397063e+01 9.797242e+01 1.187629e+03 5.047276e+01 5.423505e+01
60 1.023733e-01 9.730752e+00 1.384824e+01 9.890228e+01 1.190448e+03 5.060750e+01 5.425798e+01
61 1.040618e-01 9.883044e+00 1.422046e+01 1.003108e+02 1.183452e+03 5.068584e+01 5.411216e+01
62 1.057485e-01 1.003491e+01 1.487602e+01 1.019667e+02 1.175008e+03 5.085894e+01 5.481998e+01
63 1.074333e-01 1.018635e+01 1.516251e+01 1.029823e+02 1.171491e+03 5.095878e+01 5.473211e+01
64 1.091161e-01 1.033737e+01 1.457227e+01 1.036711e+02 1.177673e+03 5.101387e+01 5.519639e+01
65 1.107971e-01 1.048797e+01 1.444755e+01 1.045867e+02 1.181815e+03 5.127006e+01 5.512721e+01
66 1.124762e-01 1.063814e+01 1.477041e+01 1.056881e+02 1.175857e+03 5.132978e+01 5.497212e+01
67 1.141533e-01 1.078788e+01 1.548730e+01 1.067955e+02 1.170852e+03 5.144691e+01 5.505217e+01
68 1.158285e-01 1.093720e+01 1.498627e+01 1.074388e+02 1.178566e+03 5.161675e+01 5.575456e+01
69 1.175017e-01 1.108610e+01 1.472980e+01 1.083253e+02 1.185459e+03 5.170774e+01 5.557524e+01
70 1.191730e-01 1.123458e+01 1.496107e+01 1.092638e+02 1.181152e+03 5.189191e+01 5.556675e+01
71 1.208423e-01 1.138263e+01 1.523003e+01 1.098958e+02 1.183173e+03 5.208856e+01 5.583931e+01
72 1.225096e-01 1.153026e+01 1.486043e+01 1.106728e+02 1.192946e+03 5.220487e+01 5.595084e+01
73 1.241749e-01 1.167746e+01 1.498820e+01 1.115434e+02 1.190579e+03 5.235007e+01 5.571462e+01
74 1.258382e-01 1.182425e+01 1.556487e+01 1.120717e+02 1.186390e+03 5.249129e+01 5.578081e+01
75 1.274994e-01 1.197061e+01 1.496216e+01 1.127382e+02 1.201864e+03 5.268169e+01 5.631336e+01
76 1.291587e-01 1.211655e+01 1.496403e+01 1.136261e+02 1.203066e+03 5.276213e+01 5.613019e+01
77 1.308158e-01 1.226207e+01 1.548013e+01 1.139821e+02 1.198507e+03 5.278297e+01 5.597531e+01
78 1.324710e-01 1.240716e+01 1.424944e+01 1.117835e+02 1.280767e+03 5.355080e+01 5.547524e+01
79 1.341240e-01 1.255184e+01 1.436553e+01 1.126123e+02 1.279477e+03 5.389149e+01 5.552871e+01
80 1.357750e-01 1.269610e+01 1.446305e+01 1.133852e+02 1.278569e+03 5.414381e+01 5.558537e+01
81 1.374239e-01 1.283994e+01 1.455243e+01 1.140825e+02 1.277746e+03 5.451105e+01 5.561805e+01
82 1.390707e-01 1.298335e+01 1.461101e+01 1.147085e+02 1.277310e+03 5.480374e+01 5.565662e+01
83 1.407154e-01 1.312635e+01 1.461787e+01 1.152745e+02 1.279227e+03 5.485310e+01 5.576708e+01
84 1.423580e-01 1.326893e+01 1.462266e+01 1.158531e+02 1.280766e+03 5.501672e+01 5.585971e+01
85 1.439985e-01 1.341110e+01 1.463087e+01 1.164238e+02 1.282494e+03 5.512481e+01 5.594870e+01
86 1.456368e-01 1.355284e+01 1.462717e+01 1.169793e+02 1.284978e+03 5.523615e+01 5.605671e+01
87 1.472730e-01 1.369417e+01 1.463010e+01 1.175157e+02 1.286382e+03 5.542434e+01 5.610829e+01
88 1.489070e-01 1.383508e+01 1.462010e+01 1.180378e+02 1.289193e+03 5.559578e+01 5.621052e+01
89 1.505389e-01 1.397557e+01 1.460700e+01 1.185661e+02 1.291849e+03 5.571715e+01 5.631235e+01
90 1.521686e-01 1.411565e+01 1.459651e+01 1.190827e+02 1.295794e+03 5.575378e+01 5.646670e+01
91 1.537961e-01 1.425532e+01 1.457262e+01 1.195858e+02 1.299145e+03 5.586917e+01 5.655977e+01
92 1.554215e-01 1.439457e+01 1.456120e+01 1.200736e+02 1.302543e+03 5.592937e+01 5.667777e+01
93 1.570446e-01 1.453341e+01 1.454487e+01 1.205434e+02 1.305941e+03 5.601846e+01 5.678790e+01
94 1.586655e-01 1.467183e+01 1.454882e+01 1.210079e+02 1.309372e+03 5.607112e+01 5.693292e+01
95 1.602843e-01 1.480984e+01 1.451232e+01 1.214736e+02 1.312548e+03 5.620895e+01 5.700061e+01
96 1.619007e-01 1.494744e+01 1.451966e+01 1.219677e+02 1.315478e+03 5.629712e+01 5.713047e+01
97 1.635150e-01 1.508463e+01 1.448764e+01 1.224089e+02 1.318909e+03 5.644215e+01 5.720958e+01
98 1.651271e-01 1.522140e+01 1.446233e+01 1.228186e+02 1.322290e+03 5.652771e+01 5.730737e+01
99 1.667369e-01 1.535777e+01 1.441840e+01 1.232392e+02 1.325964e+03 5.668405e+01 5.737956e+01
100 1.683444e-01 1.549373e+01 1.438826e+01 1.237138e+02 1.329793e+03 5.678160e+01 5.746749e+01
101 1.699497e-01 1.562927e+01 1.434600e+01 1.241220e+02 1.333406e+03 5.689778e+01 5.769955e+01
102 1.715527e-01 1.576441e+01 1.433879e+01 1.245050e+02 1.336622e+03 5.697927e+01 5.781514e+01
103 1.731535e-01 1.589914e+01 1.429203e+01 1.248821e+02 1.340558e+03 5.715694e+01 5.803912e+01
104 1.747519e-01 1.603347e+01 1.426742e+01 1.252472e+02 1.344173e+03 5.728644e+01 5.811780e+01
105 1.763481e-01 1.616739e+01 1.424353e+01 1.255848e+02 1.347528e+03 5.738009e+01 5.820563e+01
106 1.779420e-01 1.630090e+01 1.421135e+01 1.259194e+02 1.351532e+03 5.746849e+01 5.827467e+01
107 1.795336e-01 1.643401e+01 1.421713e+01 1.263137e+02 1.354720e+03 5.752952e+01 5.842168e+01
108 1.811229e-01 1.656672e+01 1.418199e+01 1.266339e+02 1.358617e+03 5.762839e+01 5.849160e+01
109 1.827099e-01 1.669902e+01 1.416166e+01 1.269314e+02 1.362203e+03 5.770930e+01 5.858192e+01
110 1.842946e-01 1.683092e+01 1.415666e+01 1.272406e+02 1.365454e+03 5.777425e+01 5.870000e+01
111 1.858769e-01 1.696242e+01 1.412763e+01 1.275005e+02 1.369149e+03 5.790641e+01 5.892898e+01
112 1.874569e-01 1.709352e+01 1.410715e+01 1.277905e+02 1.372686e+03 5.797850e+01 5.901355e+01
113 1.890346e-01 1.722421e+01 1.408696e+01 1.280709e+02 1.376213e+03 5.805982e+01 5.910317e+01
114 1.906100e-01 1.735451e+01 1.407516e+01 1.283638e+02 1.379583e+03 5.814328e+01 5.920466e+01
115 1.921830e-01 1.748441e+01 1.406052e+01 1.286489e+02 1.383109e+03 5.820923e+01 5.930526e+01
116 1.937536e-01 1.761392e+01 1.403980e+01 1.288748e+02 1.386599e+03 5.828977e+01 5.938503e+01
117 1.953219e-01 1.774302e+01 1.402405e+01 1.291233e+02 1.390037e+03 5.837860e+01 5.947118e+01
118 1.968879e-01 1.787173e+01 1.403522e+01 1.294637e+02 1.392490e+03 5.842552e+01 5.960760e+01
119 1.984515e-01 1.800004e+01 1.401823e+01 1.297083e+02 1.395743e+03 5.849593e+01 5.969785e+01
120 2.000127e-01 1.812796e+01 1.400188e+01 1.299450e+02 1.399082e+03 5.856219e+01 5.979149e+01
121 2.015715e-01 1.825549e+01 1.397892e+01 1.301546e+02 1.402540e+03 5.864076e+01 5.987484e+01
122 2.031280e-01 1.838262e+01 1.396002e+01 1.303510e+02 1.406096e+03 5.871773e+01 5.996508e+01
123 2.046821e-01 1.850937e+01 1.393899e+01 1.305592e+02 1.409565e+03 5.879670e+01 6.004303e+01
124 2.062338e-01 1.863572e+01 1.393098e+01 1.307198e+02 1.412817e+03 5.886183e+01 6.014190e+01
125 2.077831e-01 1.876168e+01 1.391958e+01 1.308866e+02 1.416117e+03 5.892997e+01 6.022938e+01
126 2.093301e-01 1.888725e+01 1.391671e+01 1.310335e+02 1.419085e+03 5.897555e+01 6.033111e+01
127 2.108746e-01 1.901244e+01 1.391137e+01 1.311867e+02 1.421993e+03 5.904420e+01 6.043096e+01
128 2.124167e-01 1.913723e+01 1.389884e+01 1.313424e+02 1.425186e+03 5.912079e+01 6.052068e+01
129 2.139564e-01 1.926165e+01 1.389224e+01 1.315046e+02 1.428629e+03 5.918235e+01 6.061923e+01
130 2.154938e-01 1.938567e+01 1.387288e+01 1.316945e+02 1.431648e+03 5.925980e+01 6.086122e+01
131 2.170287e-01 1.950931e+01 1.385566e+01 1.318647e+02 1.435148e+03 5.933701e+01 6.093697e+01
132 2.185612e-01 1.963257e+01 1.384420e+01 1.319987e+02 1.438493e+03 5.940782e+01 6.102222e+01
133 2.200913e-01 1.975544e+01 1.383641e+01 1.321278e+02 1.441653e+03 5.947333e+01 6.111230e+01
134 2.216189e-01 1.987794e+01 1.382892e+01 1.322576e+02 1.445045e+03 5.953355e+01 6.120694e+01
135 2.231442e-01 2.000005e+01 1.378721e+01 1.324101e+02 1.448564e+03 5.965976e+01 6.124566e+01
136 2.246670e-01 2.012178e+01 1.377027e+01 1.325629e+02 1.451550e+03 5.973577e+01 6.148527e+01
137 2.261874e-01 2.024314e+01 1.375646e+01 1.327134e+02 1.454892e+03 5.980879e+01 6.156905e+01
138 2.277053e-01 2.036411e+01 1.374508e+01 1.328568e+02 1.458098e+03 5.988181e+01 6.165090e+01
139 2.292209e-01 2.048471e+01 1.373546e+01 1.329818e+02 1.461447e+03 5.995142e+01 6.158386e+01
140 2.307340e-01 2.060493e+01 1.371931e+01 1.330952e+02 1.464543e+03 6.002651e+01 6.165739e+01
141 2.322446e-01 2.072478e+01 1.371626e+01 1.332068e+02 1.467812e+03 6.008215e+01 6.175987e+01
142 2.337529e-01 2.084426e+01 1.371171e+01 1.333476e+02 1.471448e+03 6.013198e+01 6.170369e+01
143 2.352586e-01 2.096336e+01 1.368802e+01 1.334890e+02 1.474664e+03 6.020644e+01 6.177654e+01
144 2.367620e-01 2.108209e+01 1.366965e+01 1.336296e+02 1.478603e+03 6.025185e+01 6.172876e+01
145 2.382629e-01 2.120045e+01 1.363361e+01 1.337601e+02 1.482016e+03 6.031905e+01 6.181983e+01
146 2.397613e-01 2.131844e+01 1.361837e+01 1.338980e+02 1.485887e+03 6.038034e+01 6.175182e+01
147 2.412573e-01 2.143606e+01 1.359533e+01 1.339976e+02 1.488887e+03 6.045361e+01 6.182403e+01
148 2.427509e-01 2.155331e+01 1.357197e+01 1.340967e+02 1.491999e+03 6.053529e+01 6.189450e+01
149 2.442420e-01 2.167020e+01 1.353444e+01 1.342389e+02 1.496423e+03 6.057556e+01 6.184736e+01
150 2.457307e-01 2.178672e+01 1.350205e+01 1.343737e+02 1.499849e+03 6.064813e+01 6.192261e+01
151 2.472169e-01 2.190287e+01 1.346787e+01 1.345066e+02 1.503619e+03 6.070921e+01 6.201527e+01
152 2.487006e-01 2.201866e+01 1.343480e+01 1.346329e+02 1.507106e+03 6.077753e+01 6.209671e+01
153 2.501819e-01 2.213409e+01 1.340728e+01 1.347587e+02 1.510509e+03 6.084481e+01 6.217570e+01
154 2.516608e-01 2.224916e+01 1.337618e+01 1.348899e+02 1.514452e+03 6.090721e+01 6.227140e+01
155 2.531372e-01 2.236386e+01 1.335284e+01 1.350032e+02 1.517591e+03 6.097258e+01 6.234586e+01
156 2.546111e-01 2.247821e+01 1.332886e+01 1.351300e+02 1.520387e+03 6.104419e+01 6.257662e+01
157 2.560826e-01 2.259220e+01 1.330198e+01 1.352658e+02 1.523867e+03 6.110554e+01 6.265830e+01
158 2.575516e-01 2.270583e+01 1.327890e+01 1.353977e+02 1.527022e+03 6.119075e+01 6.272376e+01
159 2.590182e-01 2.281910e+01 1.325457e+01 1.355285e+02 1.530292e+03 6.125239e+01 6.280532e+01
160 2.604823e-01 2.293202e+01 1.322780e+01 1.356566e+02 1.533803e+03 6.131648e+01 6.288822e+01
161 2.619440e-01 2.304459e+01 1.320291e+01 1.357762e+02 1.537458e+03 6.137757e+01 6.297323e+01
162 2.634032e-01 2.315680e+01 1.317756e+01 1.358905e+02 1.540676e+03 6.143330e+01 6.304504e+01
163 2.648599e-01 2.326866e+01 1.315770e+01 1.360295e+02 1.543686e+03 6.148261e+01 6.311362e+01
164 2.663142e-01 2.338016e+01 1.313356e+01 1.361675e+02 1.547296e+03 6.152916e+01 6.320043e+01
165 2.677660e-01 2.349132e+01 1.311170e+01 1.363004e+02 1.550206e+03 6.158963e+01 6.326389e+01
166 2.692154e-01 2.360213e+01 1.308498e+01 1.364275e+02 1.554106e+03 6.164817e+01 6.334478e+01
167 2.706623e-01 2.371259e+01 1.305928e+01 1.365599e+02 1.557541e+03 6.170615e+01 6.342300e+01
168 2.721067e-01 2.382270e+01 1.303472e+01 1.366882e+02 1.561423e+03 6.176552e+01 6.351120e+01
169 2.735487e-01 2.393247e+01 1.301500e+01 1.368116e+02 1.564167e+03 6.181898e+01 6.373806e+01
170 2.749883e-01 2.404190e+01 1.299388e+01 1.369351e+02 1.567373e+03 6.187943e+01 6.381304e+01
171 2.764253e-01 2.415098e+01 1.297585e+01 1.370794e+02 1.570342e+03 6.194783e+01 6.387896e+01
172 2.778600e-01 2.425971e+01 1.295641e+01 1.372091e+02 1.573326e+03 6.200655e+01 6.394501e+01
173 2.792922e-01 2.436811e+01 1.293058e+01 1.373349e+02 1.577407e+03 6.205180e+01 6.404287e+01
174 2.807219e-01 2.447616e+01 1.291229e+01 1.374617e+02 1.580512e+03 6.211958e+01 6.410806e+01
175 2.821492e-01 2.458388e+01 1.289361e+01 1.375832e+02 1.583585e+03 6.217798e+01 6.417382e+01
176 2.835740e-01 2.469126e+01 1.287467e+01 1.376903e+02 1.586686e+03 6.223758e+01 6.424120e+01
177 2.849963e-01 2.479830e+01 1.285558e+01 1.377945e+02 1.589471e+03 6.230471e+01 6.446283e+01
178 2.864163e-01 2.490500e+01 1.284730e+01 1.379249e+02 1.591464e+03 6.236387e+01 6.453628e+01
179 2.878337e-01 2.501137e+01 1.282655e+01 1.380509e+02 1.595029e+03 6.243949e+01 6.459114e+01
180 2.892488e-01 2.511741e+01 1.281968e+01 1.381671e+02 1.596706e+03 6.249412e+01 6.466987e+01
181 2.906614e-01 2.522311e+01 1.278622e+01 1.382762e+02 1.601535e+03 6.255132e+01 6.474164e+01
182 2.920715e-01 2.532849e+01 1.278442e+01 1.383807e+02 1.602816e+03 6.261737e+01 6.480486e+01
183 2.934792e-01 2.543353e+01 1.274920e+01 1.384884e+02 1.608031e+03 6.268428e+01 6.488306e+01
184 2.948845e-01 2.553824e+01 1.274681e+01 1.385774e+02 1.609428e+03 6.274988e+01 6.494581e+01
185 2.962873e-01 2.564262e+01 1.271233e+01 1.386828e+02 1.614735e+03 6.280239e+01 6.503235e+01
186 2.976877e-01 2.574668e+01 1.270744e+01 1.388096e+02 1.616275e+03 6.285455e+01 6.510948e+01
187 2.990856e-01 2.585041e+01 1.267469e+01 1.389300e+02 1.621200e+03 6.290005e+01 6.519467e+01
188 3.004811e-01 2.595381e+01 1.267294e+01 1.390316e+02 1.622461e+03 6.296043e+01 6.525959e+01
189 3.018742e-01 2.605689e+01 1.264316e+01 1.391268e+02 1.626849e+03 6.302502e+01 6.532113e+01
190 3.032648e-01 2.615965e+01 1.263996e+01 1.392247e+02 1.628088e+03 6.308339e+01 6.538545e+01
191 3.046531e-01 2.626208e+01 1.260659e+01 1.393350e+02 1.632875e+03 6.313594e+01 6.546449e+01
192 3.060389e-01 2.636420e+01 1.260303e+01 1.394248e+02 1.634149e+03 6.319230e+01 6.552863e+01
193 3.074222e-01 2.646599e+01 1.256900e+01 1.395474e+02 1.639367e+03 6.323065e+01 6.563223e+01
194 3.088032e-01 2.656747e+01 1.256913e+01 1.396272e+02 1.640484e+03 6.329063e+01 6.568291e+01
195 3.101817e-01 2.666863e+01 1.254022e+01 1.397355e+02 1.645084e+03 6.334903e+01 6.575396e+01
196 3.115578e-01 2.676947e+01 1.253988e+01 1.398334e+02 1.645879e+03 6.341219e+01 6.596735e+01
197 3.129315e-01 2.687000e+01 1.251003e+01 1.399476e+02 1.650502e+03 6.346412e+01 6.589262e+01
198 3.143028e-01 2.697021e+01 1.251052e+01 1.400362e+02 1.651076e+03 6.352571e+01 6.610411e+01
199 3.156717e-01 2.707011e+01 1.247891e+01 1.401247e+02 1.655911e+03 6.358071e+01 6.616447e+01
200 3.170381e-01 2.716970e+01 1.247725e+01 1.402270e+02 1.656811e+03 6.362071e+01 6.624005e+01
201 3.184022e-01 2.726898e+01 1.244321e+01 1.403351e+02 1.661629e+03 6.364758e+01 6.631873e+01
202 3.197639e-01 2.736795e+01 1.244516e+01 1.404137e+02 1.662441e+03 6.370169e+01 6.637933e+01
203 3.211231e-01 2.746660e+01 1.241785e+01 1.405057e+02 1.667097e+03 6.375704e+01 6.643762e+01
204 3.224800e-01 2.756496e+01 1.242089e+01 1.405940e+02 1.667840e+03 6.381865e+01 6.649560e+01
205 3.238344e-01 2.766300e+01 1.239241e+01 1.406809e+02 1.672462e+03 6.386234e+01 6.655615e+01
206 3.251865e-01 2.776074e+01 1.239055e+01 1.408141e+02 1.673141e+03 6.390866e+01 6.664164e+01
207 3.265362e-01 2.785817e+01 1.235807e+01 1.408857e+02 1.677877e+03 6.396370e+01 6.669232e+01
208 3.278835e-01 2.795530e+01 1.235752e+01 1.409921e+02 1.678557e+03 6.400952e+01 6.676559e+01
209 3.292284e-01 2.805213e+01 1.232880e+01 1.410557e+02 1.683087e+03 6.406908e+01 6.696820e+01
210 3.305709e-01 2.814866e+01 1.233204e+01 1.411195e+02 1.683891e+03 6.412404e+01 6.702376e+01
211 3.319111e-01 2.824489e+01 1.230267e+01 1.412087e+02 1.688581e+03 6.416811e+01 6.709237e+01
212 3.332488e-01 2.834081e+01 1.230563e+01 1.412912e+02 1.689334e+03 6.422019e+01 6.715140e+01
213 3.345842e-01 2.843644e+01 1.228055e+01 1.413678e+02 1.694040e+03 6.427492e+01 6.720597e+01
214 3.359173e-01 2.853178e+01 1.228216e+01 1.414505e+02 1.694759e+03 6.432803e+01 6.726467e+01
215 3.372479e-01 2.862681e+01 1.225194e+01 1.415257e+02 1.699215e+03 6.438752e+01 6.747034e+01
216 3.385763e-01 2.872156e+01 1.225005e+01 1.416117e+02 1.699996e+03 6.443723e+01 6.739204e+01
217 3.399022e-01 2.881601e+01 1.221810e+01 1.416820e+02 1.704800e+03 6.448471e+01 6.745069e+01
218 3.412258e-01 2.891016e+01 1.221560e+01 1.417665e+02 1.705737e+03 6.453146e+01 6.751805e+01
219 3.425470e-01 2.900403e+01 1.218872e+01 1.418089e+02 1.710357e+03 6.459030e+01 6.756679e+01
220 3.438659e-01 2.909760e+01 1.218815e+01 1.418624e+02 1.711418e+03 6.464883e+01 6.762124e+01
221 3.451825e-01 2.919089e+01 1.216236e+01 1.419318e+02 1.715693e+03 6.470422e+01 6.767724e+01
222 3.464967e-01 2.928388e+01 1.216220e+01 1.420174e+02 1.716484e+03 6.474864e+01 6.774528e+01
223 3.478085e-01 2.937659e+01 1.213496e+01 1.420819e+02 1.720829e+03 6.480659e+01 6.779912e+01
224 3.491180e-01 2.946901e+01 1.212974e+01 1.421472e+02 1.722126e+03 6.484312e+01 6.786287e+01
225 3.504252e-01 2.956115e+01 1.210100e+01 1.422112e+02 1.726257e+03 6.488382e+01 6.792603e+01
226 3.517301e-01 2.965300e+01 1.209304e+01 1.422737e+02 1.727954e+03 6.494124e+01 6.797924e+01
227 3.530326e-01 2.974457e+01 1.206740e+01 1.423330e+02 1.731945e+03 6.499368e+01 6.802959e+01
228 3.543328e-01 2.983586e+01 1.205955e+01 1.423872e+02 1.733623e+03 6.503646e+01 6.810090e+01
229 3.556307e-01 2.992687e+01 1.203880e+01 1.424415e+02 1.736988e+03 6.507593e+01 6.817548e+01
230 3.569263e-01 3.001759e+01 1.202954e+01 1.425044e+02 1.739159e+03 6.512681e+01 6.822479e+01
231 3.582196e-01 3.010804e+01 1.201439e+01 1.425711e+02 1.741969e+03 6.515128e+01 6.830811e+01
232 3.595105e-01 3.019821e+01 1.200175e+01 1.426451e+02 1.744320e+03 6.518789e+01 6.836115e+01
233 3.607992e-01 3.028810e+01 1.198169e+01 1.427163e+02 1.747380e+03 6.522370e+01 6.842761e+01
234 3.620856e-01 3.037772e+01 1.196745e+01 1.427827e+02 1.749930e+03 6.524887e+01 6.849974e+01
235 3.633696e-01 3.046706e+01 1.195269e+01 1.428432e+02 1.752938e+03 6.528770e+01 6.857976e+01
236 3.646514e-01 3.055613e+01 1.193676e+01 1.429096e+02 1.755806e+03 6.532321e+01 6.863661e+01
237 3.659309e-01 3.064493e+01 1.192015e+01 1.429784e+02 1.758743e+03 6.537533e+01 6.868471e+01
238 3.672081e-01 3.073345e+01 1.191027e+01 1.430395e+02 1.761556e+03 6.540647e+01 6.875865e+01
239 3.684830e-01 3.082170e+01 1.189570e+01 1.431074e+02 1.764355e+03 6.545538e+01 6.880902e+01
240 3.697556e-01 3.090969e+01 1.188176e+01 1.431697e+02 1.767117e+03 6.547879e+01 6.887781e+01
241 3.710260e-01 3.099740e+01 1.185142e+01 1.432429e+02 1.770482e+03 6.549265e+01 6.879877e+01
242 3.722941e-01 3.108485e+01 1.184299e+01 1.433520e+02 1.772810e+03 6.558600e+01 6.894979e+01
243 3.735599e-01 3.117203e+01 1.182142e+01 1.434109e+02 1.776027e+03 6.559946e+01 6.903398e+01
244 3.748235e-01 3.125894e+01 1.178926e+01 1.434816e+02 1.779548e+03 6.561722e+01 6.895268e+01
245 3.760848e-01 3.134559e+01 1.175440e+01 1.435523e+02 1.782865e+03 6.566051e+01 6.901929e+01
246 3.773439e-01 3.143198e+01 1.173647e+01 1.436301e+02 1.785502e+03 6.571464e+01 6.921272e+01
247 3.786007e-01 3.151810e+01 1.169547e+01 1.436912e+02 1.789371e+03 6.574151e+01 6.914619e+01
248 3.798553e-01 3.160396e+01 1.168718e+01 1.437681e+02 1.791564e+03 6.578602e+01 6.932993e+01
249 3.811076e-01 3.168956e+01 1.165683e+01 1.438344e+02 1.794747e+03 6.582897e+01 6.939497e+01
250 3.823577e-01 3.177490e+01 1.164242e+01 1.439065e+02 1.797520e+03 6.587502e+01 6.944073e+01
251 3.836056e-01 3.185999e+01 1.161900e+01 1.439755e+02 1.800748e+03 6.591950e+01 6.949362e+01
252 3.848512e-01 3.194481e+01 1.160141e+01 1.440514e+02 1.803778e+03 6.596744e+01 6.954036e+01
253 3.860946e-01 3.202938e+01 1.157766e+01 1.441259e+02 1.807004e+03 6.600950e+01 6.959368e+01
254 3.873358e-01 3.211369e+01 1.154086e+01 1.441973e+02 1.810760e+03 6.604231e+01 6.966271e+01
255 3.885748e-01 3.219775e+01 1.152404e+01 1.442696e+02 1.813722e+03 6.609495e+01 6.971008e+01
256 3.898115e-01 3.228155e+01 1.149705e+01 1.443369e+02 1.817114e+03 6.609471e+01 6.976963e+01
257 3.910461e-01 3.236510e+01 1.147714e+01 1.444070e+02 1.820175e+03 6.613010e+01 6.982124e+01
258 3.922784e-01 3.244840e+01 1.144693e+01 1.444743e+02 1.823759e+03 6.613056e+01 6.988451e+01
259 3.935086e-01 3.253145e+01 1.140146e+01 1.445439e+02 1.828424e+03 6.614486e+01 6.996487e+01
260 3.947366e-01 3.261425e+01 1.136993e+01 1.446090e+02 1.832313e+03 6.615271e+01 7.002721e+01
261 3.959623e-01 3.269679e+01 1.135810e+01 1.446699e+02 1.834990e+03 6.620333e+01 7.006421e+01
262 3.971859e-01 3.277910e+01 1.131656e+01 1.447460e+02 1.839728e+03 6.620513e+01 7.014014e+01
263 3.984073e-01 3.286115e+01 1.128633e+01 1.448311e+02 1.843757e+03 6.622144e+01 7.020248e+01
264 3.996265e-01 3.294296e+01 1.125636e+01 1.449148e+02 1.847825e+03 6.624174e+01 7.026611e+01
265 4.008436e-01 3.302452e+01 1.123388e+01 1.449982e+02 1.851272e+03 6.627333e+01 7.031999e+01
266 4.020585e-01 3.310584e+01 1.118815e+01 1.450911e+02 1.857060e+03 6.624221e+01 7.027531e+01
267 4.032712e-01 3.318691e+01 1.116414e+01 1.451757e+02 1.860613e+03 6.625451e+01 7.033297e+01
268 4.044818e-01 3.326775e+01 1.113898e+01 1.452566e+02 1.864235e+03 6.628503e+01 7.038885e+01
269 4.056902e-01 3.334834e+01 1.111346e+01 1.453357e+02 1.867831e+03 6.631100e+01 7.044416e+01
270 4.068965e-01 3.342869e+01 1.107539e+01 1.454356e+02 1.873068e+03 6.630131e+01 7.040197e+01
271 4.081006e-01 3.350880e+01 1.105151e+01 1.455177e+02 1.876505e+03 6.631040e+01 7.045660e+01
272 4.093025e-01 3.358867e+01 1.102578e+01 1.456060e+02 1.880107e+03 6.631330e+01 7.052147e+01
273 4.105024e-01 3.366831e+01 1.100297e+01 1.456872e+02 1.883365e+03 6.634793e+01 7.057474e+01
274 4.117001e-01 3.374771e+01 1.098349e+01 1.457568e+02 1.886241e+03 6.639144e+01 7.061599e+01
275 4.128957e-01 3.382687e+01 1.096375e+01 1.458266e+02 1.889138e+03 6.643530e+01 7.065944e+01
276 4.140891e-01 3.390579e+01 1.093815e+01 1.459192e+02 1.892583e+03 6.645296e+01 7.072931e+01
277 4.152804e-01 3.398449e+01 1.091232e+01 1.460127e+02 1.896169e+03 6.642681e+01 7.068718e+01
278 4.164697e-01 3.406295e+01 1.088826e+01 1.460844e+02 1.899257e+03 6.645912e+01 7.072842e+01
279 4.176568e-01 3.414118e+01 1.086528e+01 1.461263e+02 1.902293e+03 6.645497e+01 7.079800e+01
280 4.188418e-01 3.421917e+01 1.084286e+01 1.461772e+02 1.905216e+03 6.646056e+01 7.086156e+01
281 4.200247e-01 3.429694e+01 1.081952e+01 1.462462e+02 1.908256e+03 6.648443e+01 7.090768e+01
282 4.212055e-01 3.437448e+01 1.079659e+01 1.463121e+02 1.911237e+03 6.649212e+01 7.095628e+01
283 4.223842e-01 3.445178e+01 1.077654e+01 1.463620e+02 1.913932e+03 6.649971e+01 7.102276e+01
284 4.235608e-01 3.452887e+01 1.075838e+01 1.464093e+02 1.916865e+03 6.649165e+01 7.095263e+01
285 4.247354e-01 3.460572e+01 1.074115e+01 1.464577e+02 1.919526e+03 6.649119e+01 7.102164e+01
286 4.259078e-01 3.468235e+01 1.071823e+01 1.465163e+02 1.922486e+03 6.650615e+01 7.107620e+01
287 4.270782e-01 3.475875e+01 1.069002e+01 1.465830e+02 1.925677e+03 6.655381e+01 7.111618e+01
288 4.282466e-01 3.483493e+01 1.066358e+01 1.466477e+02 1.928500e+03 6.658591e+01 7.129014e+01
289 4.294128e-01 3.491088e+01 1.064632e+01 1.466926e+02 1.931755e+03 6.654740e+01 7.122762e+01
290 4.305770e-01 3.498662e+01 1.063449e+01 1.467376e+02 1.934688e+03 6.654517e+01 7.130544e+01
291 4.317392e-01 3.506213e+01 1.061230e+01 1.467994e+02 1.937840e+03 6.657734e+01 7.135544e+01
