# it strain shortening ε_f δT D θ θc
1 0.000000e+00 0.000000e+00 1.231226e+00 5.684342e-14 7.167821e+03 4.198194e+01 4.516437e+01
2 1.770244e-03 1.768678e-01 1.268171e+00 1.349924e+00 7.027610e+03 4.265533e+01 4.523268e+01
3 3.539646e-03 3.533389e-01 1.304017e+00 2.675925e+00 6.818765e+03 4.311834e+01 4.515648e+01
4 5.308184e-03 5.294120e-01 1.340818e+00 3.984308e+00 6.629727e+03 4.350765e+01 4.510217e+01
5 7.075837e-03 7.050863e-01 1.381030e+00 5.280123e+00 6.441881e+03 4.389999e+01 4.506160e+01
6 8.842586e-03 8.803605e-01 1.421664e+00 6.550096e+00 6.235905e+03 4.423065e+01 4.523635e+01
7 1.060841e-02 1.055234e+00 1.464951e+00 7.804039e+00 6.017843e+03 4.452035e+01 4.555632e+01
8 1.237328e-02 1.229705e+00 1.541017e+00 9.261528e+00 5.780625e+03 4.642710e+01 4.573435e+01
9 1.413719e-02 1.403773e+00 1.614716e+00 1.069595e+01 5.473540e+03 4.757339e+01 4.584888e+01
10 1.590012e-02 1.577438e+00 1.679935e+00 1.204348e+01 5.175862e+03 4.822397e+01 4.575571e+01
11 1.766203e-02 1.750697e+00 1.747217e+00 1.336802e+01 4.946858e+03 4.880448e+01 4.590643e+01
12 1.942292e-02 1.923551e+00 1.807990e+00 1.464945e+01 4.788420e+03 4.916228e+01 4.614281e+01
13 2.118276e-02 2.095998e+00 1.875848e+00 1.600638e+01 4.608891e+03 4.945266e+01 4.621192e+01
14 2.294153e-02 2.268037e+00 1.940198e+00 1.732281e+01 4.474856e+03 4.952176e+01 4.642304e+01
15 2.469921e-02 2.439668e+00 2.006706e+00 1.862675e+01 4.340230e+03 4.925976e+01 4.648659e+01
16 2.645579e-02 2.610890e+00 2.637504e+00 2.538523e+01 3.339120e+03 4.344714e+01 4.631021e+01
17 2.821124e-02 2.781702e+00 2.774845e+00 2.725512e+01 3.208794e+03 4.320691e+01 4.735715e+01
18 2.996555e-02 2.952103e+00 2.929708e+00 2.913032e+01 3.078653e+03 4.369732e+01 4.645816e+01
19 3.171869e-02 3.122092e+00 3.079232e+00 3.089832e+01 2.971811e+03 4.386949e+01 4.673482e+01
20 3.347064e-02 3.291670e+00 3.249148e+00 3.273907e+01 2.872078e+03 4.424268e+01 4.812890e+01
21 3.522139e-02 3.460834e+00 3.403730e+00 3.434025e+01 2.776566e+03 4.429291e+01 4.710436e+01
22 3.697092e-02 3.629584e+00 3.569916e+00 3.598241e+01 2.688536e+03 4.450624e+01 4.719087e+01
23 3.871921e-02 3.797920e+00 3.725043e+00 3.764782e+01 2.616506e+03 4.466434e+01 4.762751e+01
24 4.046623e-02 3.965841e+00 3.936149e+00 3.937175e+01 2.535445e+03 4.493281e+01 4.790291e+01
25 4.221198e-02 4.133346e+00 4.172439e+00 4.117261e+01 2.460416e+03 4.502387e+01 4.853271e+01
26 4.395643e-02 4.300435e+00 4.376110e+00 4.283869e+01 2.388451e+03 4.553016e+01 4.832572e+01
27 4.569957e-02 4.467107e+00 4.574649e+00 4.419259e+01 2.315638e+03 4.539463e+01 4.860248e+01
28 4.744137e-02 4.633362e+00 4.783638e+00 4.591629e+01 2.250675e+03 4.563894e+01 4.865990e+01
29 4.918182e-02 4.799198e+00 5.007103e+00 4.790531e+01 2.195649e+03 4.619325e+01 4.911457e+01
30 5.092090e-02 4.964616e+00 5.228975e+00 4.932379e+01 2.131462e+03 4.609751e+01 4.948126e+01
31 5.265859e-02 5.129615e+00 5.472315e+00 5.099147e+01 2.071229e+03 4.672731e+01 4.977677e+01
32 5.439488e-02 5.294194e+00 5.776532e+00 5.237672e+01 2.005833e+03 4.684076e+01 5.017156e+01
33 5.612975e-02 5.458354e+00 6.038634e+00 5.414771e+01 1.950069e+03 4.686043e+01 5.034908e+01
34 5.786317e-02 5.622093e+00 6.314201e+00 5.595671e+01 1.897095e+03 4.711319e+01 5.092545e+01
35 5.959514e-02 5.785411e+00 6.730476e+00 5.743042e+01 1.835025e+03 4.763700e+01 4.981711e+01
36 6.132563e-02 5.948307e+00 7.008744e+00 5.927999e+01 1.786454e+03 4.755592e+01 5.022994e+01
37 6.305464e-02 6.110782e+00 7.307081e+00 6.109614e+01 1.739157e+03 4.753364e+01 5.049887e+01
38 6.478213e-02 6.272835e+00 7.613185e+00 6.291546e+01 1.693180e+03 4.753795e+01 5.079486e+01
39 6.650810e-02 6.434466e+00 7.946549e+00 6.470569e+01 1.646614e+03 4.769589e+01 5.088132e+01
40 6.823253e-02 6.595674e+00 8.340848e+00 6.606216e+01 1.595081e+03 4.794388e+01 5.014070e+01
41 6.995540e-02 6.756459e+00 8.701970e+00 6.767704e+01 1.549592e+03 4.838807e+01 4.986673e+01
42 7.167669e-02 6.916821e+00 9.044915e+00 6.939288e+01 1.509104e+03 4.873142e+01 5.048704e+01
43 7.339640e-02 7.076759e+00 9.371513e+00 7.121203e+01 1.472845e+03 4.862160e+01 5.046023e+01
44 7.511450e-02 7.236274e+00 9.710214e+00 7.292359e+01 1.438704e+03 4.872671e+01 5.061885e+01
45 7.683098e-02 7.395364e+00 1.008155e+01 7.539568e+01 1.415531e+03 4.874664e+01 5.183133e+01
46 7.854582e-02 7.554030e+00 1.043421e+01 7.711268e+01 1.387455e+03 4.888236e+01 5.196643e+01
47 8.025901e-02 7.712272e+00 1.077532e+01 7.875225e+01 1.361652e+03 4.904786e+01 5.205693e+01
48 8.197054e-02 7.870090e+00 1.125110e+01 8.127032e+01 1.339941e+03 4.909416e+01 5.310503e+01
49 8.368038e-02 8.027482e+00 1.156573e+01 8.289624e+01 1.318042e+03 4.923505e+01 5.295542e+01
50 8.538852e-02 8.184450e+00 1.160555e+01 8.407805e+01 1.300452e+03 4.949143e+01 5.202414e+01
51 8.709494e-02 8.340993e+00 1.187373e+01 8.559263e+01 1.283202e+03 4.958609e+01 5.266133e+01
52 8.879964e-02 8.497111e+00 1.210719e+01 8.703587e+01 1.267528e+03 4.962168e+01 5.258148e+01
53 9.050260e-02 8.652804e+00 1.236430e+01 8.847362e+01 1.253525e+03 4.974897e+01 5.316723e+01
54 9.220380e-02 8.808072e+00 1.262281e+01 9.008691e+01 1.244745e+03 4.979559e+01 5.292841e+01
55 9.390323e-02 8.962915e+00 1.289978e+01 9.154974e+01 1.232225e+03 4.996913e+01 5.315729e+01
56 9.560088e-02 9.117332e+00 1.358845e+01 9.393795e+01 1.217645e+03 4.997295e+01 5.379882e+01
57 9.729672e-02 9.271325e+00 1.380552e+01 9.516800e+01 1.207869e+03 5.021136e+01 5.383268e+01
58 9.899076e-02 9.424892e+00 1.370071e+01 9.621809e+01 1.203348e+03 5.030733e+01 5.399270e+01
59 1.006830e-01 9.578034e+00 1.386628e+01 9.742223e+01 1.197470e+03 5.042956e+01 5.414059e+01
60 1.023733e-01 9.730752e+00 1.370768e+01 9.830081e+01 1.200775e+03 5.055886e+01 5.429613e+01
61 1.040618e-01 9.883044e+00 1.402966e+01 9.966145e+01 1.194198e+03 5.068819e+01 5.399583e+01
62 1.057485e-01 1.003491e+01 1.472792e+01 1.014697e+02 1.185328e+03 5.081183e+01 5.484086e+01
63 1.074333e-01 1.018635e+01 1.495120e+01 1.024614e+02 1.181195e+03 5.090637e+01 5.465849e+01
64 1.091161e-01 1.033737e+01 1.442624e+01 1.031147e+02 1.186716e+03 5.101387e+01 5.519639e+01
65 1.107971e-01 1.048797e+01 1.431039e+01 1.040261e+02 1.190616e+03 5.119570e+01 5.515128e+01
66 1.124762e-01 1.063814e+01 1.461177e+01 1.051562e+02 1.185133e+03 5.129048e+01 5.490804e+01
67 1.141533e-01 1.078788e+01 1.535386e+01 1.063033e+02 1.179275e+03 5.141589e+01 5.505881e+01
68 1.158285e-01 1.093720e+01 1.484551e+01 1.069386e+02 1.186423e+03 5.161675e+01 5.575456e+01
69 1.175017e-01 1.108610e+01 1.462523e+01 1.077931e+02 1.192715e+03 5.178298e+01 5.541198e+01
70 1.191730e-01 1.123458e+01 1.483322e+01 1.087354e+02 1.189304e+03 5.189355e+01 5.553949e+01
71 1.208423e-01 1.138263e+01 1.510966e+01 1.094321e+02 1.190492e+03 5.206745e+01 5.583788e+01
72 1.225096e-01 1.153026e+01 1.476218e+01 1.101834e+02 1.199668e+03 5.217267e+01 5.589708e+01
73 1.241749e-01 1.167746e+01 1.485410e+01 1.110797e+02 1.198553e+03 5.237645e+01 5.564255e+01
74 1.258382e-01 1.182425e+01 1.542454e+01 1.116799e+02 1.193551e+03 5.248870e+01 5.574062e+01
75 1.274994e-01 1.197061e+01 1.530067e+01 1.122131e+02 1.199968e+03 5.264617e+01 5.608044e+01
76 1.291587e-01 1.211655e+01 1.486243e+01 1.131222e+02 1.209950e+03 5.270581e+01 5.610122e+01
77 1.308158e-01 1.226207e+01 1.403080e+01 1.104677e+02 1.288771e+03 5.318184e+01 5.538954e+01
78 1.324710e-01 1.240716e+01 1.424838e+01 1.114077e+02 1.285104e+03 5.384557e+01 5.537397e+01
79 1.341240e-01 1.255184e+01 1.432504e+01 1.122044e+02 1.284544e+03 5.407652e+01 5.546805e+01
80 1.357750e-01 1.269610e+01 1.437393e+01 1.129461e+02 1.284810e+03 5.412478e+01 5.558000e+01
81 1.374239e-01 1.283994e+01 1.447538e+01 1.136746e+02 1.283584e+03 5.449770e+01 5.561151e+01
82 1.390707e-01 1.298335e+01 1.455551e+01 1.143245e+02 1.282446e+03 5.481142e+01 5.563269e+01
83 1.407154e-01 1.312635e+01 1.456907e+01 1.149140e+02 1.283858e+03 5.487722e+01 5.573942e+01
84 1.423580e-01 1.326893e+01 1.458592e+01 1.154948e+02 1.285091e+03 5.501809e+01 5.582419e+01
85 1.439985e-01 1.341110e+01 1.458450e+01 1.160758e+02 1.287483e+03 5.511724e+01 5.594071e+01
86 1.456368e-01 1.355284e+01 1.458322e+01 1.166319e+02 1.289796e+03 5.522961e+01 5.604854e+01
87 1.472730e-01 1.369417e+01 1.458963e+01 1.171613e+02 1.290010e+03 5.550111e+01 5.605848e+01
88 1.489070e-01 1.383508e+01 1.457353e+01 1.176784e+02 1.293675e+03 5.559724e+01 5.619889e+01
89 1.505389e-01 1.397557e+01 1.455865e+01 1.182004e+02 1.296411e+03 5.572177e+01 5.629570e+01
90 1.521686e-01 1.411565e+01 1.454693e+01 1.187211e+02 1.300102e+03 5.576762e+01 5.643417e+01
91 1.537961e-01 1.425532e+01 1.452784e+01 1.192309e+02 1.302976e+03 5.588689e+01 5.652311e+01
92 1.554215e-01 1.439457e+01 1.452138e+01 1.197211e+02 1.306692e+03 5.594311e+01 5.666468e+01
93 1.570446e-01 1.453341e+01 1.451184e+01 1.201918e+02 1.310023e+03 5.601161e+01 5.678568e+01
94 1.586655e-01 1.467183e+01 1.450219e+01 1.206592e+02 1.313265e+03 5.608394e+01 5.690261e+01
95 1.602843e-01 1.480984e+01 1.447562e+01 1.211344e+02 1.316465e+03 5.620677e+01 5.698380e+01
96 1.619007e-01 1.494744e+01 1.446311e+01 1.215975e+02 1.319837e+03 5.631236e+01 5.709512e+01
97 1.635150e-01 1.508463e+01 1.444032e+01 1.220480e+02 1.323206e+03 5.644547e+01 5.718870e+01
98 1.651271e-01 1.522140e+01 1.442420e+01 1.224772e+02 1.326554e+03 5.653836e+01 5.729310e+01
99 1.667369e-01 1.535777e+01 1.438900e+01 1.229000e+02 1.330089e+03 5.669938e+01 5.737127e+01
100 1.683444e-01 1.549373e+01 1.435090e+01 1.233370e+02 1.333621e+03 5.679867e+01 5.744769e+01
101 1.699497e-01 1.562927e+01 1.431519e+01 1.237730e+02 1.337044e+03 5.691298e+01 5.769152e+01
102 1.715527e-01 1.576441e+01 1.429914e+01 1.241818e+02 1.340538e+03 5.700665e+01 5.779514e+01
103 1.731535e-01 1.589914e+01 1.423888e+01 1.245607e+02 1.344325e+03 5.719864e+01 5.798804e+01
104 1.747519e-01 1.603347e+01 1.421362e+01 1.249165e+02 1.348038e+03 5.731586e+01 5.806837e+01
105 1.763481e-01 1.616739e+01 1.419736e+01 1.252682e+02 1.351685e+03 5.739775e+01 5.817324e+01
106 1.779420e-01 1.630090e+01 1.417583e+01 1.256263e+02 1.355324e+03 5.747353e+01 5.826449e+01
107 1.795336e-01 1.643401e+01 1.416308e+01 1.259796e+02 1.358816e+03 5.756118e+01 5.837431e+01
108 1.811229e-01 1.656672e+01 1.413605e+01 1.262966e+02 1.362534e+03 5.765394e+01 5.845420e+01
109 1.827099e-01 1.669902e+01 1.412635e+01 1.266246e+02 1.365873e+03 5.772339e+01 5.856678e+01
110 1.842946e-01 1.683092e+01 1.411046e+01 1.269283e+02 1.369345e+03 5.780042e+01 5.866630e+01
111 1.858769e-01 1.696242e+01 1.409318e+01 1.272336e+02 1.372843e+03 5.790120e+01 5.876268e+01
112 1.874569e-01 1.709352e+01 1.407318e+01 1.275288e+02 1.376222e+03 5.797465e+01 5.901758e+01
113 1.890346e-01 1.722421e+01 1.405449e+01 1.278119e+02 1.379782e+03 5.805752e+01 5.910474e+01
114 1.906100e-01 1.735451e+01 1.404272e+01 1.281056e+02 1.383029e+03 5.812128e+01 5.920846e+01
115 1.921830e-01 1.748441e+01 1.403199e+01 1.283904e+02 1.386228e+03 5.819757e+01 5.931285e+01
116 1.937536e-01 1.761392e+01 1.401085e+01 1.286243e+02 1.389810e+03 5.828321e+01 5.939311e+01
117 1.953219e-01 1.774302e+01 1.398932e+01 1.288666e+02 1.393382e+03 5.836235e+01 5.947324e+01
118 1.968879e-01 1.787173e+01 1.396710e+01 1.291054e+02 1.396963e+03 5.844243e+01 5.955253e+01
119 1.984515e-01 1.800004e+01 1.397201e+01 1.294320e+02 1.399606e+03 5.849776e+01 5.968238e+01
120 2.000127e-01 1.812796e+01 1.395960e+01 1.296791e+02 1.402859e+03 5.856806e+01 5.977784e+01
121 2.015715e-01 1.825549e+01 1.394856e+01 1.299156e+02 1.406071e+03 5.864076e+01 5.987484e+01
122 2.031280e-01 1.838262e+01 1.392823e+01 1.301050e+02 1.409545e+03 5.872054e+01 5.995508e+01
123 2.046821e-01 1.850937e+01 1.390756e+01 1.303039e+02 1.413011e+03 5.879553e+01 6.003494e+01
124 2.062338e-01 1.863572e+01 1.390516e+01 1.304898e+02 1.416002e+03 5.885422e+01 6.014350e+01
125 2.077831e-01 1.876168e+01 1.388927e+01 1.306711e+02 1.419332e+03 5.892905e+01 6.022987e+01
126 2.093301e-01 1.888725e+01 1.386934e+01 1.308511e+02 1.422724e+03 5.900113e+01 6.030955e+01
127 2.108746e-01 1.901244e+01 1.385706e+01 1.310088e+02 1.425711e+03 5.907371e+01 6.056606e+01
128 2.124167e-01 1.913723e+01 1.384241e+01 1.311650e+02 1.429022e+03 5.915151e+01 6.064915e+01
129 2.139564e-01 1.926165e+01 1.384628e+01 1.312950e+02 1.432128e+03 5.920373e+01 6.059912e+01
130 2.154938e-01 1.938567e+01 1.383096e+01 1.314657e+02 1.435444e+03 5.928055e+01 6.068364e+01
131 2.170287e-01 1.950931e+01 1.381317e+01 1.316349e+02 1.438577e+03 5.935774e+01 6.092535e+01
132 2.185612e-01 1.963257e+01 1.380065e+01 1.317880e+02 1.441847e+03 5.942843e+01 6.101066e+01
133 2.200913e-01 1.975544e+01 1.378796e+01 1.319337e+02 1.445117e+03 5.950581e+01 6.109522e+01
134 2.216189e-01 1.987794e+01 1.378114e+01 1.320665e+02 1.448335e+03 5.956926e+01 6.118968e+01
135 2.231442e-01 2.000005e+01 1.375258e+01 1.322141e+02 1.451772e+03 5.965976e+01 6.124566e+01
136 2.246670e-01 2.012178e+01 1.373450e+01 1.323686e+02 1.455072e+03 5.973577e+01 6.132021e+01
137 2.261874e-01 2.024314e+01 1.371932e+01 1.325151e+02 1.458150e+03 5.981156e+01 6.155945e+01
138 2.277053e-01 2.036411e+01 1.370527e+01 1.326531e+02 1.461389e+03 5.989277e+01 6.163509e+01
139 2.292209e-01 2.048471e+01 1.369945e+01 1.327805e+02 1.464479e+03 5.995161e+01 6.173347e+01
140 2.307340e-01 2.060493e+01 1.368170e+01 1.329046e+02 1.467927e+03 6.001789e+01 6.164896e+01
141 2.322446e-01 2.072478e+01 1.367942e+01 1.330224e+02 1.471182e+03 6.007885e+01 6.174694e+01
142 2.337529e-01 2.084426e+01 1.366084e+01 1.331531e+02 1.474718e+03 6.013944e+01 6.168442e+01
143 2.352586e-01 2.096336e+01 1.364180e+01 1.332873e+02 1.477911e+03 6.020623e+01 6.176005e+01
144 2.367620e-01 2.108209e+01 1.363466e+01 1.334268e+02 1.481758e+03 6.025624e+01 6.171910e+01
145 2.382629e-01 2.120045e+01 1.361309e+01 1.335561e+02 1.485180e+03 6.032347e+01 6.181017e+01
146 2.397613e-01 2.131844e+01 1.358839e+01 1.336825e+02 1.488950e+03 6.038479e+01 6.174209e+01
147 2.412573e-01 2.143606e+01 1.355950e+01 1.337937e+02 1.492105e+03 6.046672e+01 6.181281e+01
148 2.427509e-01 2.155331e+01 1.354044e+01 1.339090e+02 1.495375e+03 6.052674e+01 6.189029e+01
149 2.442420e-01 2.167020e+01 1.350528e+01 1.340502e+02 1.499562e+03 6.058036e+01 6.183739e+01
150 2.457307e-01 2.178672e+01 1.348163e+01 1.341829e+02 1.502805e+03 6.065292e+01 6.191265e+01
151 2.472169e-01 2.190287e+01 1.344736e+01 1.343209e+02 1.506840e+03 6.070613e+01 6.201693e+01
152 2.487006e-01 2.201866e+01 1.342030e+01 1.344400e+02 1.509889e+03 6.077496e+01 6.208353e+01
153 2.501819e-01 2.213409e+01 1.339149e+01 1.345655e+02 1.513201e+03 6.084531e+01 6.216092e+01
154 2.516608e-01 2.224916e+01 1.336090e+01 1.346898e+02 1.517107e+03 6.090311e+01 6.225726e+01
155 2.531372e-01 2.236386e+01 1.333381e+01 1.348037e+02 1.520257e+03 6.097594e+01 6.232876e+01
156 2.546111e-01 2.247821e+01 1.330903e+01 1.349375e+02 1.523148e+03 6.104754e+01 6.255964e+01
157 2.560826e-01 2.259220e+01 1.328170e+01 1.350749e+02 1.526645e+03 6.112242e+01 6.264193e+01
158 2.575516e-01 2.270583e+01 1.325665e+01 1.352070e+02 1.529940e+03 6.118790e+01 6.271742e+01
159 2.590182e-01 2.281910e+01 1.323093e+01 1.353346e+02 1.533362e+03 6.125491e+01 6.279637e+01
160 2.604823e-01 2.293202e+01 1.320455e+01 1.354621e+02 1.536906e+03 6.131900e+01 6.287928e+01
161 2.619440e-01 2.304459e+01 1.317583e+01 1.355855e+02 1.541014e+03 6.137022e+01 6.297633e+01
162 2.634032e-01 2.315680e+01 1.315316e+01 1.357061e+02 1.544130e+03 6.141923e+01 6.304585e+01
163 2.648599e-01 2.326866e+01 1.313152e+01 1.358378e+02 1.547005e+03 6.147706e+01 6.310865e+01
164 2.663142e-01 2.338016e+01 1.310617e+01 1.359752e+02 1.550745e+03 6.153196e+01 6.319573e+01
165 2.677660e-01 2.349132e+01 1.308383e+01 1.361129e+02 1.553856e+03 6.159407e+01 6.326479e+01
166 2.692154e-01 2.360213e+01 1.305911e+01 1.362427e+02 1.557734e+03 6.164562e+01 6.335500e+01
167 2.706623e-01 2.371259e+01 1.303703e+01 1.363709e+02 1.560831e+03 6.170723e+01 6.342387e+01
168 2.721067e-01 2.382270e+01 1.301366e+01 1.364937e+02 1.564584e+03 6.176123e+01 6.351051e+01
169 2.735487e-01 2.393247e+01 1.299178e+01 1.366191e+02 1.567794e+03 6.181569e+01 6.358218e+01
170 2.749883e-01 2.404190e+01 1.296988e+01 1.367463e+02 1.571086e+03 6.187825e+01 6.365668e+01
171 2.764253e-01 2.415098e+01 1.295031e+01 1.368872e+02 1.573800e+03 6.194171e+01 6.387894e+01
172 2.778600e-01 2.425971e+01 1.293113e+01 1.370222e+02 1.576858e+03 6.200219e+01 6.394703e+01
173 2.792922e-01 2.436811e+01 1.290622e+01 1.371498e+02 1.580893e+03 6.205514e+01 6.404250e+01
174 2.807219e-01 2.447616e+01 1.288901e+01 1.372773e+02 1.583673e+03 6.212172e+01 6.410200e+01
175 2.821492e-01 2.458388e+01 1.287107e+01 1.373993e+02 1.586572e+03 6.218241e+01 6.416595e+01
176 2.835740e-01 2.469126e+01 1.285174e+01 1.375166e+02 1.589680e+03 6.224202e+01 6.423336e+01
177 2.849963e-01 2.479830e+01 1.283513e+01 1.376290e+02 1.592432e+03 6.230578e+01 6.429826e+01
178 2.864163e-01 2.490500e+01 1.281188e+01 1.377527e+02 1.596276e+03 6.235758e+01 6.438229e+01
179 2.878337e-01 2.501137e+01 1.280625e+01 1.378763e+02 1.597733e+03 6.242005e+01 6.444367e+01
180 2.892488e-01 2.511741e+01 1.277626e+01 1.379914e+02 1.602086e+03 6.248642e+01 6.467270e+01
181 2.906614e-01 2.522311e+01 1.277298e+01 1.381021e+02 1.603506e+03 6.255132e+01 6.474164e+01
182 2.920715e-01 2.532849e+01 1.274359e+01 1.382067e+02 1.608032e+03 6.262690e+01 6.480395e+01
183 2.934792e-01 2.543353e+01 1.273748e+01 1.383140e+02 1.609779e+03 6.268428e+01 6.488306e+01
184 2.948845e-01 2.553824e+01 1.270699e+01 1.384127e+02 1.614410e+03 6.274945e+01 6.494883e+01
185 2.962873e-01 2.564262e+01 1.270164e+01 1.385136e+02 1.616089e+03 6.280154e+01 6.502657e+01
186 2.976877e-01 2.574668e+01 1.266706e+01 1.386301e+02 1.621235e+03 6.284691e+01 6.511245e+01
187 2.990856e-01 2.585041e+01 1.266090e+01 1.387508e+02 1.622970e+03 6.289619e+01 6.519665e+01
188 3.004811e-01 2.595381e+01 1.263290e+01 1.388520e+02 1.627345e+03 6.295933e+01 6.525313e+01
189 3.018742e-01 2.605689e+01 1.263246e+01 1.389469e+02 1.628379e+03 6.302536e+01 6.530708e+01
190 3.032648e-01 2.615965e+01 1.260102e+01 1.390517e+02 1.633123e+03 6.308184e+01 6.537988e+01
191 3.046531e-01 2.626208e+01 1.259787e+01 1.391512e+02 1.634495e+03 6.313716e+01 6.544945e+01
192 3.060389e-01 2.636420e+01 1.256928e+01 1.392413e+02 1.638762e+03 6.319977e+01 6.566550e+01
193 3.074222e-01 2.646599e+01 1.256410e+01 1.393416e+02 1.640485e+03 6.325232e+01 6.558867e+01
194 3.088032e-01 2.656747e+01 1.253190e+01 1.394575e+02 1.645334e+03 6.329322e+01 6.567637e+01
195 3.101817e-01 2.666863e+01 1.252996e+01 1.395566e+02 1.646519e+03 6.335659e+01 6.573652e+01
196 3.115578e-01 2.676947e+01 1.250269e+01 1.396524e+02 1.650727e+03 6.341974e+01 6.595006e+01
197 3.129315e-01 2.687000e+01 1.250495e+01 1.397445e+02 1.651547e+03 6.348268e+01 6.600964e+01
198 3.143028e-01 2.697021e+01 1.247114e+01 1.398547e+02 1.656511e+03 6.353443e+01 6.608793e+01
199 3.156717e-01 2.707011e+01 1.247083e+01 1.399539e+02 1.657392e+03 6.357579e+01 6.615800e+01
200 3.170381e-01 2.716970e+01 1.243736e+01 1.400632e+02 1.662221e+03 6.360171e+01 6.623755e+01
201 3.184022e-01 2.726898e+01 1.244023e+01 1.401387e+02 1.662987e+03 6.366122e+01 6.629231e+01
202 3.197639e-01 2.736795e+01 1.240721e+01 1.402429e+02 1.667747e+03 6.369834e+01 6.637127e+01
203 3.211231e-01 2.746660e+01 1.240929e+01 1.403312e+02 1.668515e+03 6.376092e+01 6.642905e+01
204 3.224800e-01 2.756496e+01 1.237929e+01 1.404241e+02 1.673233e+03 6.380840e+01 6.648926e+01
205 3.238344e-01 2.766300e+01 1.238103e+01 1.405099e+02 1.674017e+03 6.386982e+01 6.654704e+01
206 3.251865e-01 2.776074e+01 1.234841e+01 1.406318e+02 1.678690e+03 6.390651e+01 6.662655e+01
207 3.265362e-01 2.785817e+01 1.235317e+01 1.407172e+02 1.679001e+03 6.395954e+01 6.668661e+01
208 3.278835e-01 2.795530e+01 1.232015e+01 1.408041e+02 1.683856e+03 6.400772e+01 6.689968e+01
209 3.292284e-01 2.805213e+01 1.232426e+01 1.408920e+02 1.684163e+03 6.406578e+01 6.696352e+01
210 3.305709e-01 2.814866e+01 1.229419e+01 1.409622e+02 1.689327e+03 6.412079e+01 6.701909e+01
211 3.319111e-01 2.824489e+01 1.229595e+01 1.410610e+02 1.689532e+03 6.417117e+01 6.709243e+01
212 3.332488e-01 2.834081e+01 1.226426e+01 1.411464e+02 1.694642e+03 6.421564e+01 6.715326e+01
213 3.345842e-01 2.843644e+01 1.226997e+01 1.412202e+02 1.694970e+03 6.427553e+01 6.720916e+01
214 3.359173e-01 2.853178e+01 1.224066e+01 1.412815e+02 1.699961e+03 6.433303e+01 6.740606e+01
215 3.372479e-01 2.862681e+01 1.224245e+01 1.413553e+02 1.700985e+03 6.439251e+01 6.731122e+01
216 3.385763e-01 2.872156e+01 1.220930e+01 1.414632e+02 1.705439e+03 6.443143e+01 6.739276e+01
217 3.399022e-01 2.881601e+01 1.221088e+01 1.415335e+02 1.706137e+03 6.447493e+01 6.745097e+01
218 3.412258e-01 2.891016e+01 1.218071e+01 1.416127e+02 1.710770e+03 6.452863e+01 6.751390e+01
219 3.425470e-01 2.900403e+01 1.218256e+01 1.416699e+02 1.711508e+03 6.458736e+01 6.756854e+01
220 3.438659e-01 2.909760e+01 1.215197e+01 1.417395e+02 1.716122e+03 6.462865e+01 6.763233e+01
221 3.451825e-01 2.919089e+01 1.215081e+01 1.418043e+02 1.717224e+03 6.468701e+01 6.768657e+01
222 3.464967e-01 2.928388e+01 1.212242e+01 1.418714e+02 1.721445e+03 6.473142e+01 6.775457e+01
223 3.478085e-01 2.937659e+01 1.212104e+01 1.419381e+02 1.722543e+03 6.478533e+01 6.780925e+01
224 3.491180e-01 2.946901e+01 1.209313e+01 1.420028e+02 1.726984e+03 6.483352e+01 6.786168e+01
225 3.504252e-01 2.956115e+01 1.209146e+01 1.420642e+02 1.728097e+03 6.489112e+01 6.791510e+01
226 3.517301e-01 2.965300e+01 1.206284e+01 1.421284e+02 1.732498e+03 6.493880e+01 6.797001e+01
227 3.530326e-01 2.974457e+01 1.205849e+01 1.421909e+02 1.733911e+03 6.499602e+01 6.802305e+01
228 3.543328e-01 2.983586e+01 1.203233e+01 1.422471e+02 1.737700e+03 6.503571e+01 6.810069e+01
229 3.556307e-01 2.992687e+01 1.202689e+01 1.423028e+02 1.739034e+03 6.507527e+01 6.817522e+01
230 3.569263e-01 3.001759e+01 1.200174e+01 1.423663e+02 1.743040e+03 6.513226e+01 6.822167e+01
231 3.582196e-01 3.010804e+01 1.199477e+01 1.424281e+02 1.744600e+03 6.514362e+01 6.830944e+01
232 3.595105e-01 3.019821e+01 1.197271e+01 1.425022e+02 1.748186e+03 6.517173e+01 6.836078e+01
233 3.607992e-01 3.028810e+01 1.196246e+01 1.425692e+02 1.750334e+03 6.520807e+01 6.843326e+01
234 3.620856e-01 3.037772e+01 1.194479e+01 1.426365e+02 1.753437e+03 6.524887e+01 6.849974e+01
235 3.633696e-01 3.046706e+01 1.193435e+01 1.427008e+02 1.755929e+03 6.528770e+01 6.857976e+01
236 3.646514e-01 3.055613e+01 1.191825e+01 1.427673e+02 1.758964e+03 6.531534e+01 6.863979e+01
237 3.659309e-01 3.064493e+01 1.190241e+01 1.428390e+02 1.761743e+03 6.536749e+01 6.868788e+01
238 3.672081e-01 3.073345e+01 1.188732e+01 1.429042e+02 1.764667e+03 6.540856e+01 6.874838e+01
239 3.684830e-01 3.082170e+01 1.187232e+01 1.429716e+02 1.767505e+03 6.545002e+01 6.880469e+01
240 3.697556e-01 3.090969e+01 1.185337e+01 1.430464e+02 1.770379e+03 6.550447e+01 6.884455e+01
241 3.710260e-01 3.099740e+01 1.184082e+01 1.431143e+02 1.773291e+03 6.551771e+01 6.891371e+01
242 3.722941e-01 3.108485e+01 1.181893e+01 1.432142e+02 1.776115e+03 6.559788e+01 6.894303e+01
243 3.735599e-01 3.117203e+01 1.179704e+01 1.432673e+02 1.779269e+03 6.558850e+01 6.903713e+01
244 3.748235e-01 3.125894e+01 1.178139e+01 1.433495e+02 1.782165e+03 6.563725e+01 6.908598e+01
245 3.760848e-01 3.134559e+01 1.174855e+01 1.434193e+02 1.785602e+03 6.568055e+01 6.900796e+01
246 3.773439e-01 3.143198e+01 1.172851e+01 1.434961e+02 1.788253e+03 6.573093e+01 6.920348e+01
247 3.786007e-01 3.151810e+01 1.169904e+01 1.435655e+02 1.791397e+03 6.577138e+01 6.926503e+01
248 3.798553e-01 3.160396e+01 1.167048e+01 1.436337e+02 1.794577e+03 6.579368e+01 6.932550e+01
249 3.811076e-01 3.168956e+01 1.163879e+01 1.436992e+02 1.798205e+03 6.582529e+01 6.924604e+01
250 3.823577e-01 3.177490e+01 1.162749e+01 1.437715e+02 1.800678e+03 6.587963e+01 6.943202e+01
251 3.836056e-01 3.185999e+01 1.160715e+01 1.438378e+02 1.803724e+03 6.591914e+01 6.948360e+01
252 3.848512e-01 3.194481e+01 1.158580e+01 1.439151e+02 1.806822e+03 6.596449e+01 6.953603e+01
253 3.860946e-01 3.202938e+01 1.157458e+01 1.439935e+02 1.809586e+03 6.601966e+01 6.957702e+01
254 3.873358e-01 3.211369e+01 1.152491e+01 1.440608e+02 1.813740e+03 6.604632e+01 6.966055e+01
255 3.885748e-01 3.219775e+01 1.150258e+01 1.441335e+02 1.816923e+03 6.608397e+01 6.971356e+01
256 3.898115e-01 3.228155e+01 1.148781e+01 1.442054e+02 1.819791e+03 6.610728e+01 6.975731e+01
257 3.910461e-01 3.236510e+01 1.146086e+01 1.442739e+02 1.823205e+03 6.612907e+01 6.981502e+01
258 3.922784e-01 3.244840e+01 1.143131e+01 1.443411e+02 1.826795e+03 6.614603e+01 6.987585e+01
259 3.935086e-01 3.253145e+01 1.138501e+01 1.444078e+02 1.831457e+03 6.615513e+01 6.995770e+01
260 3.947366e-01 3.261425e+01 1.136605e+01 1.444731e+02 1.834561e+03 6.617208e+01 7.000573e+01
261 3.959623e-01 3.269679e+01 1.133588e+01 1.445381e+02 1.838411e+03 6.619097e+01 7.006794e+01
262 3.971859e-01 3.277910e+01 1.128057e+01 1.446075e+02 1.844528e+03 6.615094e+01 7.002573e+01
263 3.984073e-01 3.286115e+01 1.125617e+01 1.446803e+02 1.848079e+03 6.618183e+01 7.008109e+01
264 3.996265e-01 3.294296e+01 1.124063e+01 1.447519e+02 1.850604e+03 6.623034e+01 7.026244e+01
265 4.008436e-01 3.302452e+01 1.120332e+01 1.448311e+02 1.855619e+03 6.622785e+01 7.019927e+01
266 4.020585e-01 3.310584e+01 1.116642e+01 1.449088e+02 1.860421e+03 6.622899e+01 7.027926e+01
267 4.032712e-01 3.318691e+01 1.115232e+01 1.449694e+02 1.862997e+03 6.628036e+01 7.031449e+01
268 4.044818e-01 3.326775e+01 1.112171e+01 1.450419e+02 1.867183e+03 6.628992e+01 7.038304e+01
269 4.056902e-01 3.334834e+01 1.109529e+01 1.451106e+02 1.870937e+03 6.630975e+01 7.044334e+01
270 4.068965e-01 3.342869e+01 1.106407e+01 1.451877e+02 1.875532e+03 6.630705e+01 7.038161e+01
271 4.081006e-01 3.350880e+01 1.103605e+01 1.452629e+02 1.879460e+03 6.631256e+01 7.045389e+01
272 4.093025e-01 3.358867e+01 1.101091e+01 1.453330e+02 1.882961e+03 6.631107e+01 7.051622e+01
273 4.105024e-01 3.366831e+01 1.098706e+01 1.454026e+02 1.886660e+03 6.633073e+01 7.044118e+01
274 4.117001e-01 3.374771e+01 1.096485e+01 1.454679e+02 1.889458e+03 6.637636e+01 7.062383e+01
275 4.128957e-01 3.382687e+01 1.094403e+01 1.455383e+02 1.892475e+03 6.641624e+01 7.066522e+01
276 4.140891e-01 3.390579e+01 1.092116e+01 1.456151e+02 1.895650e+03 6.643939e+01 7.071627e+01
277 4.152804e-01 3.398449e+01 1.089495e+01 1.457133e+02 1.899383e+03 6.639207e+01 7.069104e+01
278 4.164697e-01 3.406295e+01 1.087231e+01 1.457748e+02 1.902391e+03 6.642032e+01 7.074473e+01
279 4.176568e-01 3.414118e+01 1.084926e+01 1.458439e+02 1.905427e+03 6.645498e+01 7.079034e+01
280 4.188418e-01 3.421917e+01 1.082711e+01 1.458956e+02 1.908339e+03 6.646020e+01 7.085245e+01
281 4.200247e-01 3.429694e+01 1.080414e+01 1.459593e+02 1.911322e+03 6.647034e+01 7.090178e+01
282 4.212055e-01 3.437448e+01 1.078234e+01 1.460111e+02 1.914157e+03 6.647294e+01 7.096368e+01
283 4.223842e-01 3.445178e+01 1.075893e+01 1.460767e+02 1.917165e+03 6.650282e+01 7.100980e+01
284 4.235608e-01 3.452887e+01 1.073892e+01 1.461229e+02 1.920194e+03 6.650529e+01 7.094345e+01
285 4.247354e-01 3.460572e+01 1.072413e+01 1.461633e+02 1.922771e+03 6.648747e+01 7.102160e+01
286 4.259078e-01 3.468235e+01 1.070068e+01 1.462260e+02 1.925747e+03 6.651277e+01 7.107103e+01
287 4.270782e-01 3.475875e+01 1.067489e+01 1.462923e+02 1.928823e+03 6.655031e+01 7.111392e+01
288 4.282466e-01 3.483493e+01 1.065304e+01 1.463497e+02 1.931776e+03 6.654848e+01 7.116843e+01
289 4.294128e-01 3.491088e+01 1.063301e+01 1.464043e+02 1.934719e+03 6.654740e+01 7.122762e+01
290 4.305770e-01 3.498662e+01 1.062018e+01 1.464507e+02 1.938051e+03 6.653727e+01 7.116895e+01
291 4.317392e-01 3.506213e+01 1.065708e+01 1.463979e+02 1.936525e+03 6.655693e+01 7.150651e+01
