# it strain shortening ε_f δT D θ θc
1 0.000000e+00 0.000000e+00 1.597470e+00 0.000000e+00 4.995896e+03 4.595803e+01 4.574018e+01
2 1.770244e-03 1.768678e-01 1.657947e+00 2.158951e+00 4.872201e+03 4.605940e+01 4.627724e+01
3 3.539646e-03 3.533389e-01 1.718940e+00 4.071396e+00 4.736855e+03 4.616070e+01 4.637853e+01
4 5.308184e-03 5.294120e-01 1.783344e+00 5.879718e+00 4.611963e+03 4.626194e+01 4.604413e+01
5 7.075837e-03 7.050863e-01 1.851185e+00 7.749971e+00 4.462925e+03 4.636311e+01 4.614532e+01
6 8.842586e-03 8.803605e-01 1.922553e+00 9.578799e+00 4.315592e+03 4.646422e+01 4.624644e+01
7 1.060841e-02 1.055234e+00 1.997600e+00 1.136775e+01 4.172025e+03 4.656525e+01 4.634750e+01
8 1.237328e-02 1.229705e+00 2.076487e+00 1.311803e+01 4.033317e+03 4.666621e+01 4.644848e+01
9 1.413719e-02 1.403773e+00 2.159427e+00 1.485616e+01 3.899721e+03 4.676709e+01 4.654938e+01
10 1.590012e-02 1.577438e+00 2.246711e+00 1.658543e+01 3.771299e+03 4.686790e+01 4.665021e+01
11 1.766203e-02 1.750697e+00 2.338659e+00 1.829158e+01 3.647984e+03 4.696862e+01 4.675096e+01
12 1.942292e-02 1.923551e+00 2.435944e+00 1.997783e+01 3.528163e+03 4.706926e+01 4.685163e+01
13 2.118276e-02 2.095998e+00 2.538507e+00 2.164775e+01 3.414337e+03 4.716982e+01 4.695221e+01
14 2.294153e-02 2.268037e+00 2.645135e+00 2.332545e+01 3.309851e+03 4.727029e+01 4.705271e+01
15 2.469921e-02 2.439668e+00 2.755676e+00 2.500797e+01 3.212541e+03 4.737066e+01 4.715312e+01
16 2.645579e-02 2.610890e+00 2.871913e+00 2.668097e+01 3.119190e+03 4.747095e+01 4.725344e+01
17 2.821124e-02 2.781702e+00 2.994574e+00 2.834659e+01 3.029019e+03 4.757114e+01 4.735366e+01
18 2.996555e-02 2.952103e+00 3.152429e+00 3.000724e+01 2.889140e+03 4.448876e+01 4.610087e+01
19 3.171869e-02 3.122092e+00 3.289545e+00 3.166523e+01 2.808978e+03 4.458919e+01 4.666161e+01
20 3.347064e-02 3.291670e+00 3.433752e+00 3.332313e+01 2.728197e+03 4.468957e+01 4.676203e+01
21 3.522139e-02 3.460834e+00 3.582577e+00 3.498350e+01 2.652632e+03 4.478987e+01 4.732238e+01
22 3.697092e-02 3.629584e+00 3.735941e+00 3.664749e+01 2.579951e+03 4.489011e+01 4.742264e+01
23 3.871921e-02 3.797920e+00 3.894466e+00 3.834051e+01 2.511364e+03 4.499028e+01 4.798251e+01
24 4.046623e-02 3.965841e+00 4.072880e+00 4.003741e+01 2.479173e+03 4.826964e+01 4.805243e+01
25 4.221198e-02 4.133346e+00 4.263344e+00 4.173346e+01 2.409610e+03 4.836899e+01 4.815183e+01
26 4.395643e-02 4.300435e+00 4.466480e+00 4.342978e+01 2.342318e+03 4.846823e+01 4.868535e+01
27 4.569957e-02 4.467107e+00 4.680464e+00 4.514492e+01 2.274214e+03 4.856735e+01 4.878442e+01
28 4.744137e-02 4.633362e+00 4.905374e+00 4.690236e+01 2.207917e+03 4.866635e+01 4.888338e+01
29 4.918182e-02 4.799198e+00 4.970375e+00 4.864035e+01 2.172134e+03 4.902386e+01 4.882677e+01
30 5.092090e-02 4.964616e+00 5.213295e+00 5.041112e+01 2.108779e+03 4.912249e+01 4.892546e+01
31 5.265859e-02 5.129615e+00 5.470882e+00 5.218073e+01 2.048073e+03 4.922100e+01 4.941799e+01
32 5.439488e-02 5.294194e+00 5.743266e+00 5.394886e+01 1.986716e+03 4.931938e+01 4.951632e+01
33 5.612975e-02 5.458354e+00 6.026074e+00 5.574911e+01 1.928356e+03 4.941763e+01 4.961451e+01
34 5.786317e-02 5.622093e+00 6.320297e+00 5.756945e+01 1.872541e+03 4.951574e+01 4.971257e+01
35 5.959514e-02 5.785411e+00 6.625568e+00 5.938179e+01 1.819206e+03 4.961372e+01 4.981050e+01
36 6.132563e-02 5.948307e+00 6.943580e+00 6.118237e+01 1.767618e+03 4.971156e+01 4.990828e+01
37 6.305464e-02 6.110782e+00 7.269670e+00 6.296850e+01 1.718756e+03 4.980926e+01 5.000592e+01
38 6.478213e-02 6.272835e+00 7.603185e+00 6.475288e+01 1.671900e+03 4.990682e+01 5.010343e+01
39 6.650810e-02 6.434466e+00 7.945803e+00 6.655493e+01 1.626891e+03 5.000423e+01 5.020078e+01
40 6.823253e-02 6.595674e+00 8.293586e+00 6.833106e+01 1.584623e+03 5.010150e+01 5.029799e+01
41 6.995540e-02 6.756459e+00 8.648497e+00 7.007608e+01 1.544220e+03 5.019862e+01 5.039505e+01
42 7.167669e-02 6.916821e+00 9.006186e+00 7.178685e+01 1.505970e+03 5.029560e+01 5.049197e+01
43 7.339640e-02 7.076759e+00 9.360694e+00 7.347486e+01 1.470818e+03 5.039242e+01 5.058873e+01
44 7.511450e-02 7.236274e+00 9.711792e+00 7.516087e+01 1.438510e+03 5.048909e+01 5.068533e+01
45 7.683098e-02 7.395364e+00 1.005435e+01 7.681858e+01 1.409179e+03 5.058560e+01 5.078178e+01
46 7.854582e-02 7.554030e+00 1.038325e+01 7.858441e+01 1.382784e+03 5.068196e+01 5.087808e+01
47 8.025901e-02 7.712272e+00 1.069754e+01 8.030542e+01 1.358895e+03 5.077817e+01 5.097421e+01
48 8.197054e-02 7.870090e+00 1.099256e+01 8.199984e+01 1.337596e+03 5.087421e+01 5.107019e+01
49 8.368038e-02 8.027482e+00 1.126969e+01 8.367535e+01 1.318211e+03 5.097009e+01 5.116600e+01
50 8.538852e-02 8.184450e+00 1.154498e+01 8.529406e+01 1.313955e+03 5.358628e+01 5.340129e+01
51 8.709494e-02 8.340993e+00 1.189624e+01 8.685210e+01 1.296649e+03 5.367964e+01 5.349475e+01
52 8.879964e-02 8.497111e+00 1.223809e+01 8.834668e+01 1.280813e+03 5.377282e+01 5.358802e+01
53 9.050260e-02 8.652804e+00 1.256440e+01 8.981048e+01 1.266734e+03 5.386580e+01 5.368110e+01
54 9.220380e-02 8.808072e+00 1.287540e+01 9.122839e+01 1.254238e+03 5.395860e+01 5.377399e+01
55 9.390323e-02 8.962915e+00 1.316773e+01 9.257720e+01 1.243347e+03 5.405120e+01 5.386668e+01
56 9.560088e-02 9.117332e+00 1.343935e+01 9.385486e+01 1.233945e+03 5.414360e+01 5.395919e+01
57 9.729672e-02 9.271325e+00 1.368703e+01 9.505975e+01 1.226210e+03 5.423581e+01 5.405149e+01
58 9.899076e-02 9.424892e+00 1.391008e+01 9.623906e+01 1.220075e+03 5.432782e+01 5.414360e+01
59 1.006830e-01 9.578034e+00 1.411044e+01 9.739668e+01 1.215209e+03 5.441963e+01 5.423551e+01
60 1.023733e-01 9.730752e+00 1.429097e+01 9.850308e+01 1.211351e+03 5.451124e+01 5.432723e+01
61 1.040618e-01 9.883044e+00 1.445359e+01 9.953787e+01 1.208321e+03 5.460266e+01 5.441874e+01
62 1.057485e-01 1.003491e+01 1.459566e+01 1.005121e+02 1.206307e+03 5.469386e+01 5.451005e+01
63 1.074333e-01 1.018635e+01 1.472000e+01 1.014614e+02 1.205074e+03 5.478487e+01 5.460116e+01
64 1.091161e-01 1.033737e+01 1.482626e+01 1.024062e+02 1.204682e+03 5.487567e+01 5.469207e+01
65 1.107971e-01 1.048797e+01 1.491521e+01 1.032903e+02 1.205340e+03 5.496627e+01 5.514977e+01
66 1.124762e-01 1.063814e+01 1.498644e+01 1.041108e+02 1.206598e+03 5.505665e+01 5.524005e+01
67 1.141533e-01 1.078788e+01 1.504176e+01 1.049073e+02 1.208604e+03 5.514683e+01 5.533012e+01
68 1.158285e-01 1.093720e+01 1.507975e+01 1.057185e+02 1.211443e+03 5.523680e+01 5.541999e+01
69 1.175017e-01 1.108610e+01 1.510479e+01 1.064712e+02 1.214733e+03 5.532656e+01 5.550964e+01
70 1.191730e-01 1.123458e+01 1.512590e+01 1.071710e+02 1.217724e+03 5.541611e+01 5.558444e+01
71 1.208423e-01 1.138263e+01 1.514484e+01 1.078695e+02 1.220968e+03 5.550545e+01 5.567368e+01
72 1.225096e-01 1.153026e+01 1.514995e+01 1.085483e+02 1.224794e+03 5.559458e+01 5.576270e+01
73 1.241749e-01 1.167746e+01 1.514766e+01 1.091988e+02 1.229480e+03 5.568349e+01 5.583907e+01
74 1.258382e-01 1.182425e+01 1.515005e+01 1.098438e+02 1.233198e+03 5.577218e+01 5.592767e+01
75 1.274994e-01 1.197061e+01 1.514133e+01 1.104391e+02 1.237385e+03 5.586066e+01 5.601605e+01
76 1.291587e-01 1.211655e+01 1.512287e+01 1.110087e+02 1.243146e+03 5.594892e+01 5.609351e+01
77 1.308158e-01 1.226207e+01 1.511094e+01 1.116036e+02 1.247390e+03 5.603697e+01 5.618146e+01
78 1.324710e-01 1.240716e+01 1.508910e+01 1.121576e+02 1.252056e+03 5.612479e+01 5.626920e+01
79 1.341240e-01 1.255184e+01 1.506010e+01 1.127045e+02 1.258400e+03 5.621240e+01 5.634740e+01
80 1.357750e-01 1.269610e+01 1.503757e+01 1.132214e+02 1.263025e+03 5.629979e+01 5.643470e+01
81 1.374239e-01 1.283994e+01 1.500758e+01 1.137000e+02 1.267994e+03 5.638695e+01 5.652178e+01
82 1.390707e-01 1.298335e+01 1.497238e+01 1.142271e+02 1.274722e+03 5.647390e+01 5.660047e+01
83 1.407154e-01 1.312635e+01 1.494412e+01 1.147152e+02 1.279554e+03 5.656062e+01 5.668711e+01
84 1.423580e-01 1.326893e+01 1.491018e+01 1.151785e+02 1.284635e+03 5.664711e+01 5.677353e+01
85 1.439985e-01 1.341110e+01 1.487219e+01 1.156375e+02 1.291454e+03 5.673339e+01 5.685250e+01
86 1.456368e-01 1.355284e+01 1.484253e+01 1.160647e+02 1.296322e+03 5.681944e+01 5.693847e+01
87 1.472730e-01 1.369417e+01 1.480934e+01 1.165154e+02 1.301321e+03 5.690526e+01 5.702422e+01
88 1.489070e-01 1.383508e+01 1.477305e+01 1.169572e+02 1.306445e+03 5.699086e+01 5.710974e+01
89 1.505389e-01 1.397557e+01 1.474024e+01 1.173672e+02 1.312910e+03 5.707623e+01 5.718861e+01
90 1.521686e-01 1.411565e+01 1.470870e+01 1.177652e+02 1.317757e+03 5.716137e+01 5.727368e+01
91 1.537961e-01 1.425532e+01 1.467487e+01 1.181561e+02 1.322669e+03 5.724629e+01 5.735852e+01
92 1.554215e-01 1.439457e+01 1.463931e+01 1.185569e+02 1.327660e+03 5.733098e+01 5.744313e+01
93 1.570446e-01 1.453341e+01 1.460724e+01 1.189428e+02 1.334008e+03 5.741544e+01 5.752177e+01
94 1.586655e-01 1.467183e+01 1.457624e+01 1.193265e+02 1.338817e+03 5.749967e+01 5.760592e+01
95 1.602843e-01 1.480984e+01 1.454403e+01 1.196835e+02 1.343632e+03 5.758366e+01 5.768985e+01
96 1.619007e-01 1.494744e+01 1.451105e+01 1.200155e+02 1.348428e+03 5.766743e+01 5.777354e+01
97 1.635150e-01 1.508463e+01 1.447724e+01 1.203924e+02 1.353221e+03 5.775097e+01 5.785701e+01
98 1.651271e-01 1.522140e+01 1.444717e+01 1.207490e+02 1.359432e+03 5.783428e+01 5.793507e+01
99 1.667369e-01 1.535777e+01 1.441728e+01 1.210826e+02 1.364008e+03 5.791735e+01 5.801807e+01
100 1.683444e-01 1.549373e+01 1.438680e+01 1.214087e+02 1.368551e+03 5.800019e+01 5.810085e+01
101 1.699497e-01 1.562927e+01 1.435591e+01 1.217296e+02 1.373062e+03 5.808280e+01 5.818338e+01
102 1.715527e-01 1.576441e+01 1.432481e+01 1.220532e+02 1.377527e+03 5.816518e+01 5.826569e+01
103 1.731535e-01 1.589914e+01 1.429358e+01 1.223694e+02 1.381960e+03 5.824732e+01 5.834776e+01
104 1.747519e-01 1.603347e+01 1.426304e+01 1.226851e+02 1.388257e+03 5.832923e+01 5.842493e+01
105 1.763481e-01 1.616739e+01 1.423431e+01 1.229913e+02 1.392596e+03 5.841090e+01 5.850653e+01
106 1.779420e-01 1.630090e+01 1.420531e+01 1.232781e+02 1.396885e+03 5.849234e+01 5.858790e+01
107 1.795336e-01 1.643401e+01 1.417613e+01 1.235561e+02 1.401130e+03 5.857355e+01 5.866904e+01
108 1.811229e-01 1.656672e+01 1.414691e+01 1.238562e+02 1.405321e+03 5.865452e+01 5.874994e+01
109 1.827099e-01 1.669902e+01 1.411778e+01 1.241517e+02 1.409497e+03 5.873525e+01 5.883060e+01
110 1.842946e-01 1.683092e+01 1.408859e+01 1.244299e+02 1.413644e+03 5.881575e+01 5.891103e+01
111 1.858769e-01 1.696242e+01 1.405947e+01 1.246914e+02 1.417736e+03 5.889601e+01 5.899123e+01
112 1.874569e-01 1.709352e+01 1.403060e+01 1.249376e+02 1.421763e+03 5.897604e+01 5.907118e+01
113 1.890346e-01 1.722421e+01 1.400196e+01 1.252177e+02 1.425721e+03 5.905583e+01 5.915090e+01
114 1.906100e-01 1.735451e+01 1.397330e+01 1.254900e+02 1.429634e+03 5.913538e+01 5.923039e+01
115 1.921830e-01 1.748441e+01 1.394492e+01 1.257473e+02 1.433523e+03 5.921470e+01 5.930963e+01
116 1.937536e-01 1.761392e+01 1.391696e+01 1.259899e+02 1.437360e+03 5.929378e+01 5.938864e+01
117 1.953219e-01 1.774302e+01 1.388906e+01 1.262214e+02 1.441151e+03 5.937262e+01 5.946741e+01
118 1.968879e-01 1.787173e+01 1.386138e+01 1.264623e+02 1.444886e+03 5.945123e+01 5.954595e+01
119 1.984515e-01 1.800004e+01 1.383390e+01 1.267172e+02 1.448578e+03 5.952960e+01 5.962424e+01
120 2.000127e-01 1.812796e+01 1.381639e+01 1.269589e+02 1.406450e+03 5.960773e+01 5.977040e+01
121 2.015715e-01 1.825549e+01 1.381857e+01 1.271876e+02 1.405932e+03 5.968563e+01 5.984817e+01
122 2.031280e-01 1.838262e+01 1.381919e+01 1.274036e+02 1.405372e+03 5.976328e+01 5.992570e+01
123 2.046821e-01 1.850937e+01 1.381747e+01 1.276224e+02 1.405062e+03 5.984070e+01 6.000299e+01
124 2.062338e-01 1.863572e+01 1.381261e+01 1.278444e+02 1.404783e+03 5.991788e+01 6.008005e+01
125 2.077831e-01 1.876168e+01 1.380659e+01 1.280745e+02 1.404489e+03 5.999483e+01 6.015687e+01
126 2.093301e-01 1.888725e+01 1.379879e+01 1.282932e+02 1.404557e+03 6.007153e+01 6.023345e+01
127 2.108746e-01 1.901244e+01 1.379019e+01 1.285028e+02 1.404768e+03 6.014800e+01 6.030979e+01
128 2.124167e-01 1.913723e+01 1.377962e+01 1.288622e+02 1.405135e+03 6.022423e+01 6.038590e+01
129 2.139564e-01 1.926165e+01 1.376686e+01 1.292032e+02 1.405666e+03 6.030023e+01 6.046177e+01
130 2.154938e-01 1.938567e+01 1.376447e+01 1.295385e+02 1.416686e+03 6.223263e+01 6.208050e+01
131 2.170287e-01 1.950931e+01 1.377424e+01 1.298735e+02 1.417587e+03 6.230507e+01 6.215308e+01
132 2.185612e-01 1.963257e+01 1.378159e+01 1.301917e+02 1.418646e+03 6.237728e+01 6.222541e+01
133 2.200913e-01 1.975544e+01 1.378750e+01 1.304931e+02 1.419686e+03 6.244924e+01 6.229751e+01
134 2.216189e-01 1.987794e+01 1.379209e+01 1.307781e+02 1.420909e+03 6.252097e+01 6.236937e+01
135 2.231442e-01 2.000005e+01 1.377949e+01 1.310470e+02 1.437817e+03 6.246342e+01 6.232257e+01
136 2.246670e-01 2.012178e+01 1.378201e+01 1.313087e+02 1.439255e+03 6.253490e+01 6.239417e+01
137 2.261874e-01 2.024314e+01 1.378351e+01 1.315745e+02 1.440796e+03 6.260613e+01 6.246552e+01
138 2.277053e-01 2.036411e+01 1.378382e+01 1.318254e+02 1.442485e+03 6.267713e+01 6.253664e+01
139 2.292209e-01 2.048471e+01 1.378294e+01 1.320618e+02 1.444242e+03 6.274789e+01 6.260752e+01
140 2.307340e-01 2.060493e+01 1.378085e+01 1.322838e+02 1.446120e+03 6.281841e+01 6.267817e+01
141 2.322446e-01 2.072478e+01 1.377717e+01 1.324916e+02 1.448081e+03 6.288869e+01 6.274858e+01
142 2.337529e-01 2.084426e+01 1.377247e+01 1.326865e+02 1.450040e+03 6.295874e+01 6.281875e+01
143 2.352586e-01 2.096336e+01 1.376674e+01 1.328937e+02 1.452076e+03 6.302855e+01 6.288868e+01
144 2.367620e-01 2.108209e+01 1.376013e+01 1.330880e+02 1.454200e+03 6.309812e+01 6.295838e+01
145 2.382629e-01 2.120045e+01 1.375252e+01 1.332697e+02 1.456376e+03 6.316746e+01 6.302784e+01
146 2.397613e-01 2.131844e+01 1.374368e+01 1.334388e+02 1.458599e+03 6.323656e+01 6.309706e+01
147 2.412573e-01 2.143606e+01 1.373398e+01 1.336230e+02 1.460904e+03 6.330542e+01 6.316605e+01
148 2.427509e-01 2.155331e+01 1.372398e+01 1.338006e+02 1.463244e+03 6.337405e+01 6.323480e+01
149 2.442420e-01 2.167020e+01 1.371304e+01 1.339804e+02 1.465661e+03 6.344245e+01 6.330332e+01
150 2.457307e-01 2.178672e+01 1.370150e+01 1.341595e+02 1.468149e+03 6.351061e+01 6.337161e+01
151 2.472169e-01 2.190287e+01 1.368915e+01 1.343272e+02 1.470720e+03 6.357853e+01 6.343966e+01
152 2.487006e-01 2.201866e+01 1.367632e+01 1.344836e+02 1.473299e+03 6.364623e+01 6.350748e+01
153 2.501819e-01 2.213409e+01 1.366327e+01 1.346289e+02 1.475986e+03 6.371369e+01 6.357506e+01
154 2.516608e-01 2.224916e+01 1.364965e+01 1.347632e+02 1.478693e+03 6.378091e+01 6.364241e+01
155 2.531372e-01 2.236386e+01 1.363525e+01 1.348867e+02 1.481457e+03 6.384791e+01 6.370953e+01
156 2.546111e-01 2.247821e+01 1.362057e+01 1.350216e+02 1.484226e+03 6.391467e+01 6.377642e+01
157 2.560826e-01 2.259220e+01 1.360559e+01 1.351489e+02 1.487051e+03 6.398120e+01 6.384308e+01
158 2.575516e-01 2.270583e+01 1.359038e+01 1.352663e+02 1.489999e+03 6.404750e+01 6.390950e+01
159 2.590182e-01 2.281910e+01 1.357481e+01 1.353740e+02 1.493012e+03 6.411357e+01 6.397570e+01
160 2.604823e-01 2.293202e+01 1.355902e+01 1.354721e+02 1.496039e+03 6.417941e+01 6.404166e+01
161 2.619440e-01 2.304459e+01 1.354300e+01 1.355609e+02 1.499074e+03 6.424502e+01 6.410740e+01
162 2.634032e-01 2.315680e+01 1.352672e+01 1.356410e+02 1.502144e+03 6.431040e+01 6.417290e+01
163 2.648599e-01 2.326866e+01 1.351029e+01 1.357382e+02 1.505232e+03 6.437555e+01 6.423818e+01
164 2.663142e-01 2.338016e+01 1.349349e+01 1.358532e+02 1.508391e+03 6.444048e+01 6.430323e+01
165 2.677660e-01 2.349132e+01 1.347637e+01 1.359594e+02 1.511524e+03 6.450517e+01 6.436805e+01
166 2.692154e-01 2.360213e+01 1.345914e+01 1.360569e+02 1.514681e+03 6.456964e+01 6.443264e+01
167 2.706623e-01 2.371259e+01 1.344186e+01 1.361457e+02 1.517879e+03 6.463388e+01 6.449700e+01
168 2.721067e-01 2.382270e+01 1.342440e+01 1.362261e+02 1.521095e+03 6.469789e+01 6.456114e+01
169 2.735487e-01 2.393247e+01 1.340682e+01 1.362981e+02 1.524321e+03 6.476168e+01 6.462506e+01
170 2.749883e-01 2.404190e+01 1.338892e+01 1.363820e+02 1.527554e+03 6.482525e+01 6.468875e+01
171 2.764253e-01 2.415098e+01 1.337085e+01 1.364598e+02 1.530766e+03 6.488859e+01 6.475221e+01
172 2.778600e-01 2.425971e+01 1.335265e+01 1.365300e+02 1.534319e+03 6.495170e+01 6.508795e+01
173 2.792922e-01 2.436811e+01 1.333436e+01 1.365926e+02 1.537577e+03 6.501459e+01 6.515071e+01
174 2.807219e-01 2.447616e+01 1.331592e+01 1.366478e+02 1.540816e+03 6.507726e+01 6.521326e+01
175 2.821492e-01 2.458388e+01 1.329726e+01 1.366957e+02 1.544033e+03 6.513970e+01 6.527558e+01
176 2.835740e-01 2.469126e+01 1.327861e+01 1.367364e+02 1.547245e+03 6.520193e+01 6.533767e+01
177 2.849963e-01 2.479830e+01 1.325971e+01 1.367818e+02 1.550463e+03 6.526393e+01 6.539955e+01
178 2.864163e-01 2.490500e+01 1.324067e+01 1.368291e+02 1.553658e+03 6.532571e+01 6.546121e+01
179 2.878337e-01 2.501137e+01 1.322159e+01 1.368699e+02 1.556825e+03 6.538727e+01 6.552264e+01
180 2.892488e-01 2.511741e+01 1.320229e+01 1.369042e+02 1.559951e+03 6.544861e+01 6.558386e+01
181 2.906614e-01 2.522311e+01 1.318274e+01 1.369320e+02 1.563074e+03 6.550973e+01 6.564485e+01
182 2.920715e-01 2.532849e+01 1.316306e+01 1.369537e+02 1.566185e+03 6.557063e+01 6.570563e+01
183 2.934792e-01 2.543353e+01 1.314336e+01 1.370611e+02 1.569264e+03 6.563132e+01 6.576619e+01
184 2.948845e-01 2.553824e+01 1.312355e+01 1.371644e+02 1.572369e+03 6.569178e+01 6.582653e+01
185 2.962873e-01 2.564262e+01 1.310362e+01 1.372827e+02 1.575438e+03 6.575203e+01 6.588665e+01
186 2.976877e-01 2.574668e+01 1.308352e+01 1.373979e+02 1.578543e+03 6.581207e+01 6.594656e+01
187 2.990856e-01 2.585041e+01 1.306323e+01 1.375094e+02 1.581625e+03 6.587189e+01 6.600626e+01
188 3.004811e-01 2.595381e+01 1.297910e+01 1.376173e+02 1.592982e+03 6.582961e+01 6.595509e+01
189 3.018742e-01 2.605689e+01 1.295834e+01 1.377216e+02 1.596166e+03 6.588919e+01 6.601455e+01
190 3.032648e-01 2.615965e+01 1.293746e+01 1.378222e+02 1.599330e+03 6.594855e+01 6.607380e+01
191 3.046531e-01 2.626208e+01 1.291641e+01 1.379192e+02 1.602494e+03 6.600770e+01 6.613284e+01
192 3.060389e-01 2.636420e+01 1.289533e+01 1.380144e+02 1.605623e+03 6.606664e+01 6.619166e+01
193 3.074222e-01 2.646599e+01 1.287420e+01 1.381248e+02 1.608744e+03 6.612536e+01 6.625026e+01
194 3.088032e-01 2.656747e+01 1.285302e+01 1.382353e+02 1.611860e+03 6.618387e+01 6.630866e+01
195 3.101817e-01 2.666863e+01 1.283168e+01 1.383425e+02 1.614981e+03 6.624217e+01 6.636685e+01
196 3.115578e-01 2.676947e+01 1.281016e+01 1.384463e+02 1.618079e+03 6.630027e+01 6.642482e+01
197 3.129315e-01 2.687000e+01 1.278860e+01 1.385469e+02 1.621157e+03 6.635815e+01 6.648259e+01
198 3.143028e-01 2.697021e+01 1.276690e+01 1.386442e+02 1.624217e+03 6.641582e+01 6.654014e+01
199 3.156717e-01 2.707011e+01 1.274502e+01 1.387383e+02 1.627262e+03 6.647328e+01 6.659749e+01
200 3.170381e-01 2.716970e+01 1.272298e+01 1.388291e+02 1.630315e+03 6.653054e+01 6.665463e+01
201 3.184022e-01 2.726898e+01 1.270084e+01 1.389325e+02 1.633367e+03 6.658759e+01 6.671157e+01
202 3.197639e-01 2.736795e+01 1.267856e+01 1.390345e+02 1.636438e+03 6.664443e+01 6.676829e+01
203 3.211231e-01 2.746660e+01 1.265619e+01 1.391335e+02 1.639506e+03 6.670107e+01 6.682481e+01
204 3.224800e-01 2.756496e+01 1.263373e+01 1.392297e+02 1.642592e+03 6.675750e+01 6.688113e+01
205 3.238344e-01 2.766300e+01 1.261105e+01 1.393229e+02 1.645676e+03 6.681372e+01 6.693724e+01
206 3.251865e-01 2.776074e+01 1.258826e+01 1.394132e+02 1.648739e+03 6.686975e+01 6.699315e+01
207 3.265362e-01 2.785817e+01 1.256535e+01 1.395006e+02 1.651770e+03 6.692557e+01 6.704885e+01
208 3.278835e-01 2.795530e+01 1.254225e+01 1.395850e+02 1.654808e+03 6.698118e+01 6.710435e+01
209 3.292284e-01 2.805213e+01 1.251899e+01 1.396732e+02 1.657853e+03 6.703660e+01 6.715965e+01
210 3.305709e-01 2.814866e+01 1.249560e+01 1.397684e+02 1.660901e+03 6.709181e+01 6.721475e+01
211 3.319111e-01 2.824489e+01 1.247207e+01 1.398609e+02 1.663940e+03 6.714682e+01 6.726965e+01
212 3.332488e-01 2.834081e+01 1.244838e+01 1.399509e+02 1.666990e+03 6.720163e+01 6.732434e+01
213 3.345842e-01 2.843644e+01 1.242455e+01 1.400383e+02 1.670029e+03 6.725624e+01 6.737884e+01
214 3.359173e-01 2.853178e+01 1.240056e+01 1.401230e+02 1.673089e+03 6.731066e+01 6.743314e+01
215 3.372479e-01 2.862681e+01 1.237641e+01 1.402198e+02 1.676166e+03 6.736487e+01 6.748724e+01
216 3.385763e-01 2.872156e+01 1.235215e+01 1.403296e+02 1.679239e+03 6.741889e+01 6.754114e+01
217 3.399022e-01 2.881601e+01 1.232775e+01 1.404384e+02 1.682285e+03 6.747271e+01 6.759485e+01
218 3.412258e-01 2.891016e+01 1.230317e+01 1.405460e+02 1.685341e+03 6.752634e+01 6.764836e+01
219 3.425470e-01 2.900403e+01 1.227845e+01 1.406526e+02 1.688421e+03 6.757977e+01 6.770168e+01
220 3.438659e-01 2.909760e+01 1.225356e+01 1.407594e+02 1.691498e+03 6.763300e+01 6.775480e+01
221 3.451825e-01 2.919089e+01 1.222856e+01 1.408673e+02 1.694562e+03 6.768604e+01 6.780772e+01
222 3.464967e-01 2.928388e+01 1.220340e+01 1.409742e+02 1.697621e+03 6.773889e+01 6.786046e+01
223 3.478085e-01 2.937659e+01 1.217810e+01 1.410800e+02 1.700678e+03 6.779154e+01 6.791300e+01
224 3.491180e-01 2.946901e+01 1.215266e+01 1.411847e+02 1.703728e+03 6.784401e+01 6.796535e+01
225 3.504252e-01 2.956115e+01 1.212706e+01 1.412883e+02 1.706763e+03 6.789628e+01 6.801750e+01
226 3.517301e-01 2.965300e+01 1.210136e+01 1.413908e+02 1.709821e+03 6.794836e+01 6.806947e+01
227 3.530326e-01 2.974457e+01 1.207556e+01 1.414924e+02 1.712842e+03 6.800025e+01 6.812125e+01
228 3.543328e-01 2.983586e+01 1.204960e+01 1.415928e+02 1.715862e+03 6.805195e+01 6.817284e+01
229 3.556307e-01 2.992687e+01 1.202765e+01 1.416923e+02 1.730776e+03 6.931507e+01 6.920068e+01
230 3.569263e-01 3.001759e+01 1.200938e+01 1.417907e+02 1.733802e+03 6.936408e+01 6.924980e+01
231 3.582196e-01 3.010804e+01 1.199084e+01 1.418881e+02 1.736818e+03 6.941291e+01 6.929874e+01
232 3.595105e-01 3.019821e+01 1.197203e+01 1.419846e+02 1.739878e+03 6.946156e+01 6.934750e+01
233 3.607992e-01 3.028810e+01 1.195291e+01 1.420800e+02 1.742931e+03 6.951003e+01 6.939608e+01
234 3.620856e-01 3.037772e+01 1.193353e+01 1.421744e+02 1.745970e+03 6.955832e+01 6.944448e+01
235 3.633696e-01 3.046706e+01 1.191383e+01 1.422679e+02 1.748959e+03 6.960642e+01 6.949270e+01
236 3.646514e-01 3.055613e+01 1.189383e+01 1.423604e+02 1.751925e+03 6.965435e+01 6.954073e+01
237 3.659309e-01 3.064493e+01 1.187364e+01 1.424519e+02 1.754853e+03 6.970210e+01 6.958859e+01
238 3.672081e-01 3.073345e+01 1.185315e+01 1.425425e+02 1.757802e+03 6.974967e+01 6.963628e+01
239 3.684830e-01 3.082170e+01 1.183239e+01 1.426321e+02 1.760739e+03 6.979707e+01 6.968378e+01
240 3.697556e-01 3.090969e+01 1.181138e+01 1.427207e+02 1.763631e+03 6.984429e+01 6.973111e+01
241 3.710260e-01 3.099740e+01 1.179006e+01 1.428085e+02 1.766482e+03 6.989133e+01 6.977826e+01
242 3.722941e-01 3.108485e+01 1.175114e+01 1.428953e+02 1.780831e+03 6.979282e+01 6.968642e+01
243 3.735599e-01 3.117203e+01 1.173024e+01 1.429812e+02 1.783823e+03 6.983980e+01 6.973349e+01
244 3.748235e-01 3.125894e+01 1.170905e+01 1.430661e+02 1.786805e+03 6.988660e+01 6.978040e+01
245 3.760848e-01 3.134559e+01 1.168758e+01 1.431502e+02 1.789777e+03 6.993322e+01 6.982713e+01
246 3.773439e-01 3.143198e+01 1.166581e+01 1.432333e+02 1.792724e+03 6.997968e+01 6.987368e+01
247 3.786007e-01 3.151810e+01 1.164377e+01 1.433155e+02 1.795665e+03 7.002596e+01 6.992007e+01
248 3.798553e-01 3.160396e+01 1.162151e+01 1.433969e+02 1.798576e+03 7.007207e+01 6.996628e+01
249 3.811076e-01 3.168956e+01 1.159895e+01 1.434773e+02 1.801493e+03 7.011801e+01 7.001232e+01
250 3.823577e-01 3.177490e+01 1.157612e+01 1.435569e+02 1.804399e+03 7.016378e+01 7.005819e+01
251 3.836056e-01 3.185999e+01 1.155304e+01 1.436355e+02 1.807254e+03 7.020938e+01 7.010389e+01
252 3.848512e-01 3.194481e+01 1.152967e+01 1.437133e+02 1.810100e+03 7.025481e+01 7.014942e+01
253 3.860946e-01 3.202938e+01 1.150603e+01 1.437902e+02 1.812914e+03 7.030007e+01 7.019479e+01
254 3.873358e-01 3.211369e+01 1.148217e+01 1.438663e+02 1.815727e+03 7.034517e+01 7.023998e+01
255 3.885748e-01 3.219775e+01 1.145807e+01 1.439414e+02 1.818523e+03 7.039010e+01 7.028501e+01
256 3.898115e-01 3.228155e+01 1.143371e+01 1.440157e+02 1.821243e+03 7.043486e+01 7.032988e+01
257 3.910461e-01 3.236510e+01 1.140908e+01 1.440892e+02 1.823928e+03 7.047946e+01 7.037458e+01
258 3.922784e-01 3.244840e+01 1.138421e+01 1.441618e+02 1.826636e+03 7.052389e+01 7.041911e+01
259 3.935086e-01 3.253145e+01 1.135913e+01 1.442335e+02 1.829317e+03 7.056816e+01 7.046348e+01
260 3.947366e-01 3.261425e+01 1.133381e+01 1.443044e+02 1.831999e+03 7.061226e+01 7.050768e+01
261 3.959623e-01 3.269679e+01 1.130822e+01 1.443744e+02 1.834592e+03 7.065620e+01 7.055172e+01
262 3.971859e-01 3.277910e+01 1.128238e+01 1.444436e+02 1.837192e+03 7.069998e+01 7.059560e+01
263 3.984073e-01 3.286115e+01 1.125629e+01 1.445119e+02 1.839778e+03 7.074360e+01 7.063932e+01
264 3.996265e-01 3.294296e+01 1.122997e+01 1.445794e+02 1.842357e+03 7.078706e+01 7.068288e+01
265 4.008436e-01 3.302452e+01 1.120343e+01 1.446475e+02 1.844939e+03 7.083036e+01 7.072627e+01
266 4.020585e-01 3.310584e+01 1.117667e+01 1.447157e+02 1.847445e+03 7.087349e+01 7.076951e+01
267 4.032712e-01 3.318691e+01 1.114967e+01 1.447831e+02 1.849957e+03 7.091647e+01 7.081259e+01
268 4.044818e-01 3.326775e+01 1.112241e+01 1.448496e+02 1.852543e+03 7.095929e+01 7.085551e+01
269 4.056902e-01 3.334834e+01 1.109488e+01 1.449153e+02 1.855219e+03 7.100196e+01 7.089827e+01
270 4.068965e-01 3.342869e+01 1.106713e+01 1.449802e+02 1.857840e+03 7.104446e+01 7.094088e+01
271 4.081006e-01 3.350880e+01 1.103918e+01 1.450442e+02 1.860432e+03 7.108681e+01 7.098332e+01
272 4.093025e-01 3.358867e+01 1.101096e+01 1.451074e+02 1.862938e+03 7.112901e+01 7.102562e+01
273 4.105024e-01 3.366831e+01 1.098247e+01 1.451698e+02 1.865548e+03 7.117105e+01 7.106776e+01
274 4.117001e-01 3.374771e+01 1.095371e+01 1.452313e+02 1.868083e+03 7.121293e+01 7.110974e+01
275 4.128957e-01 3.382687e+01 1.092473e+01 1.452921e+02 1.870549e+03 7.125466e+01 7.115157e+01
276 4.140891e-01 3.390579e+01 1.089555e+01 1.453520e+02 1.873022e+03 7.129624e+01 7.119324e+01
277 4.152804e-01 3.398449e+01 1.086612e+01 1.454111e+02 1.875505e+03 7.133767e+01 7.123477e+01
278 4.164697e-01 3.406295e+01 1.083644e+01 1.454693e+02 1.878034e+03 7.137894e+01 7.148175e+01
279 4.176568e-01 3.414118e+01 1.080650e+01 1.455268e+02 1.880564e+03 7.142007e+01 7.152277e+01
280 4.188418e-01 3.421917e+01 1.077629e+01 1.455834e+02 1.882911e+03 7.146104e+01 7.156365e+01
281 4.200247e-01 3.429694e+01 1.074582e+01 1.456392e+02 1.885040e+03 7.150186e+01 7.160438e+01
282 4.212055e-01 3.437448e+01 1.071506e+01 1.456942e+02 1.887172e+03 7.154254e+01 7.164495e+01
283 4.223842e-01 3.445178e+01 1.068408e+01 1.457483e+02 1.889385e+03 7.158306e+01 7.168538e+01
284 4.235608e-01 3.452887e+01 1.065282e+01 1.458016e+02 1.891945e+03 7.162344e+01 7.172566e+01
285 4.247354e-01 3.460572e+01 1.062121e+01 1.458540e+02 1.894429e+03 7.166367e+01 7.176580e+01
286 4.259078e-01 3.468235e+01 1.058936e+01 1.459056e+02 1.896918e+03 7.170375e+01 7.180579e+01
287 4.270782e-01 3.475875e+01 1.055730e+01 1.459564e+02 1.899286e+03 7.174369e+01 7.184563e+01
288 4.282466e-01 3.483493e+01 1.052496e+01 1.460064e+02 1.901819e+03 7.178348e+01 7.188532e+01
289 4.294128e-01 3.491088e+01 1.049239e+01 1.460556e+02 1.904382e+03 7.182313e+01 7.192488e+01
290 4.305770e-01 3.498662e+01 1.045948e+01 1.461039e+02 1.907119e+03 7.186263e+01 7.196428e+01
291 4.317392e-01 3.506213e+01 1.042626e+01 1.461514e+02 1.909902e+03 7.190199e+01 7.200355e+01
