# it strain shortening ε_f δT D θ θc
1 0.000000e+00 0.000000e+00 1.597470e+00 0.000000e+00 4.995896e+03 4.595803e+01 4.574018e+01
2 1.770244e-03 1.768678e-01 1.658307e+00 2.068157e+00 4.890818e+03 4.605940e+01 4.584156e+01
3 3.539646e-03 3.533389e-01 1.719254e+00 3.947229e+00 4.750973e+03 4.616070e+01 4.594287e+01
4 5.308184e-03 5.294120e-01 1.783397e+00 5.850553e+00 4.604899e+03 4.626194e+01 4.604413e+01
5 7.075837e-03 7.050863e-01 1.850793e+00 7.709455e+00 4.458202e+03 4.636311e+01 4.614532e+01
6 8.842586e-03 8.803605e-01 1.921548e+00 9.526052e+00 4.313627e+03 4.646422e+01 4.624644e+01
7 1.060841e-02 1.055234e+00 1.995825e+00 1.130214e+01 4.172964e+03 4.656525e+01 4.634750e+01
8 1.237328e-02 1.229705e+00 2.073816e+00 1.303931e+01 4.037090e+03 4.666621e+01 4.644848e+01
9 1.413719e-02 1.403773e+00 2.155768e+00 1.473901e+01 3.906144e+03 4.676709e+01 4.654938e+01
10 1.590012e-02 1.577438e+00 2.241961e+00 1.641078e+01 3.780166e+03 4.686790e+01 4.665021e+01
11 1.766203e-02 1.750697e+00 2.332718e+00 1.810823e+01 3.659079e+03 4.696862e+01 4.675096e+01
12 1.942292e-02 1.923551e+00 2.428681e+00 1.978836e+01 3.541287e+03 4.706926e+01 4.685163e+01
13 2.118276e-02 2.095998e+00 2.529796e+00 2.145440e+01 3.429280e+03 4.716982e+01 4.695221e+01
14 2.294153e-02 2.268037e+00 2.634827e+00 2.313782e+01 3.326455e+03 4.727029e+01 4.705271e+01
15 2.469921e-02 2.439668e+00 2.743576e+00 2.481915e+01 3.230745e+03 4.737066e+01 4.715312e+01
16 2.645579e-02 2.610890e+00 2.857817e+00 2.649051e+01 3.138869e+03 4.747095e+01 4.725344e+01
17 2.821124e-02 2.781702e+00 2.978276e+00 2.815339e+01 3.050027e+03 4.757114e+01 4.735366e+01
18 2.996555e-02 2.952103e+00 3.135504e+00 2.980944e+01 2.911193e+03 4.448876e+01 4.610087e+01
19 3.171869e-02 3.122092e+00 3.270553e+00 3.146552e+01 2.830407e+03 4.458919e+01 4.620135e+01
20 3.347064e-02 3.291670e+00 3.412520e+00 3.312503e+01 2.752599e+03 4.468957e+01 4.676203e+01
21 3.522139e-02 3.460834e+00 3.559062e+00 3.478769e+01 2.678111e+03 4.478987e+01 4.732238e+01
22 3.697092e-02 3.629584e+00 3.709983e+00 3.648236e+01 2.606314e+03 4.489011e+01 4.742264e+01
23 3.871921e-02 3.797920e+00 3.866029e+00 3.818557e+01 2.538436e+03 4.499028e+01 4.752282e+01
24 4.046623e-02 3.965841e+00 4.033140e+00 3.988918e+01 2.506914e+03 4.826964e+01 4.805243e+01
25 4.221198e-02 4.133346e+00 4.219017e+00 4.159319e+01 2.438030e+03 4.836899e+01 4.815183e+01
26 4.395643e-02 4.300435e+00 4.417388e+00 4.329880e+01 2.368988e+03 4.846823e+01 4.825111e+01
27 4.569957e-02 4.467107e+00 4.626407e+00 4.500730e+01 2.303640e+03 4.856735e+01 4.878442e+01
28 4.744137e-02 4.633362e+00 4.846363e+00 4.676671e+01 2.237543e+03 4.866635e+01 4.888338e+01
29 4.918182e-02 4.799198e+00 4.910216e+00 4.847899e+01 2.200089e+03 4.902386e+01 4.882677e+01
30 5.092090e-02 4.964616e+00 5.148442e+00 5.026257e+01 2.136505e+03 4.912249e+01 4.892546e+01
31 5.265859e-02 5.129615e+00 5.401596e+00 5.204788e+01 2.073656e+03 4.922100e+01 4.902401e+01
32 5.439488e-02 5.294194e+00 5.669871e+00 5.383486e+01 2.013326e+03 4.931938e+01 4.951632e+01
33 5.612975e-02 5.458354e+00 5.949468e+00 5.562538e+01 1.953951e+03 4.941763e+01 4.961451e+01
34 5.786317e-02 5.622093e+00 6.241031e+00 5.747177e+01 1.897019e+03 4.951574e+01 4.971257e+01
35 5.959514e-02 5.785411e+00 6.544569e+00 5.931475e+01 1.842394e+03 4.961372e+01 4.981050e+01
36 6.132563e-02 5.948307e+00 6.862010e+00 6.115082e+01 1.789287e+03 4.971156e+01 4.990828e+01
37 6.305464e-02 6.110782e+00 7.189218e+00 6.297752e+01 1.738703e+03 4.980926e+01 5.000592e+01
38 6.478213e-02 6.272835e+00 7.525445e+00 6.478986e+01 1.689978e+03 4.990682e+01 5.010343e+01
39 6.650810e-02 6.434466e+00 7.872653e+00 6.662367e+01 1.642896e+03 5.000423e+01 5.020078e+01
40 6.823253e-02 6.595674e+00 8.227145e+00 6.845707e+01 1.598388e+03 5.010150e+01 5.029799e+01
41 6.995540e-02 6.756459e+00 8.590730e+00 7.026530e+01 1.555660e+03 5.019862e+01 5.039505e+01
42 7.167669e-02 6.916821e+00 8.959724e+00 7.204490e+01 1.514888e+03 5.029560e+01 5.049197e+01
43 7.339640e-02 7.076759e+00 9.328017e+00 7.379118e+01 1.477092e+03 5.039242e+01 5.058873e+01
44 7.511450e-02 7.236274e+00 9.695089e+00 7.552772e+01 1.442108e+03 5.048909e+01 5.068533e+01
45 7.683098e-02 7.395364e+00 1.005664e+01 7.726687e+01 1.409953e+03 5.058560e+01 5.078178e+01
46 7.854582e-02 7.554030e+00 1.040634e+01 7.912973e+01 1.380759e+03 5.068196e+01 5.087808e+01
47 8.025901e-02 7.712272e+00 1.074346e+01 8.095444e+01 1.354043e+03 5.077817e+01 5.097421e+01
48 8.197054e-02 7.870090e+00 1.106306e+01 8.273567e+01 1.329910e+03 5.087421e+01 5.107019e+01
49 8.368038e-02 8.027482e+00 1.136522e+01 8.449578e+01 1.307787e+03 5.097009e+01 5.116600e+01
50 8.538852e-02 8.184450e+00 1.168598e+01 8.623358e+01 1.300218e+03 5.358628e+01 5.340129e+01
51 8.709494e-02 8.340993e+00 1.207186e+01 8.791467e+01 1.280263e+03 5.367964e+01 5.349475e+01
52 8.879964e-02 8.497111e+00 1.245018e+01 8.953512e+01 1.261860e+03 5.377282e+01 5.358802e+01
53 9.050260e-02 8.652804e+00 1.281436e+01 9.109187e+01 1.245270e+03 5.386580e+01 5.368110e+01
54 9.220380e-02 8.808072e+00 1.316423e+01 9.261128e+01 1.230334e+03 5.395860e+01 5.377399e+01
55 9.390323e-02 8.962915e+00 1.349608e+01 9.408781e+01 1.217059e+03 5.405120e+01 5.386668e+01
56 9.560088e-02 9.117332e+00 1.380667e+01 9.549250e+01 1.205392e+03 5.414360e+01 5.395919e+01
57 9.729672e-02 9.271325e+00 1.409327e+01 9.682272e+01 1.195425e+03 5.423581e+01 5.405149e+01
58 9.899076e-02 9.424892e+00 1.435481e+01 9.807625e+01 1.187100e+03 5.432782e+01 5.414360e+01
59 1.006830e-01 9.578034e+00 1.459297e+01 9.928687e+01 1.180074e+03 5.441963e+01 5.423551e+01
60 1.023733e-01 9.730752e+00 1.480974e+01 1.004519e+02 1.174146e+03 5.451124e+01 5.432723e+01
61 1.040618e-01 9.883044e+00 1.500741e+01 1.016012e+02 1.169104e+03 5.460266e+01 5.441874e+01
62 1.057485e-01 1.003491e+01 1.518241e+01 1.026767e+02 1.165162e+03 5.469386e+01 5.451005e+01
63 1.074333e-01 1.018635e+01 1.533844e+01 1.036789e+02 1.162034e+03 5.478487e+01 5.460116e+01
64 1.091161e-01 1.033737e+01 1.547391e+01 1.046490e+02 1.159829e+03 5.487567e+01 5.469207e+01
65 1.107971e-01 1.048797e+01 1.559078e+01 1.056083e+02 1.158660e+03 5.496627e+01 5.514977e+01
66 1.124762e-01 1.063814e+01 1.568795e+01 1.065241e+02 1.158130e+03 5.505665e+01 5.524005e+01
67 1.141533e-01 1.078788e+01 1.576713e+01 1.073735e+02 1.158391e+03 5.514683e+01 5.533012e+01
68 1.158285e-01 1.093720e+01 1.582756e+01 1.081640e+02 1.159467e+03 5.523680e+01 5.541999e+01
69 1.175017e-01 1.108610e+01 1.587334e+01 1.089913e+02 1.161026e+03 5.532656e+01 5.550964e+01
70 1.191730e-01 1.123458e+01 1.590284e+01 1.097673e+02 1.163281e+03 5.541611e+01 5.559908e+01
71 1.208423e-01 1.138263e+01 1.593628e+01 1.104855e+02 1.165949e+03 5.550545e+01 5.567368e+01
72 1.225096e-01 1.153026e+01 1.595623e+01 1.112048e+02 1.168273e+03 5.559458e+01 5.576270e+01
73 1.241749e-01 1.167746e+01 1.596406e+01 1.119743e+02 1.171059e+03 5.568349e+01 5.585151e+01
74 1.258382e-01 1.182425e+01 1.597026e+01 1.127334e+02 1.175709e+03 5.577218e+01 5.592767e+01
75 1.274994e-01 1.197061e+01 1.597122e+01 1.134472e+02 1.178599e+03 5.586066e+01 5.601605e+01
76 1.291587e-01 1.211655e+01 1.595980e+01 1.141092e+02 1.182029e+03 5.594892e+01 5.610422e+01
77 1.308158e-01 1.226207e+01 1.594628e+01 1.147513e+02 1.188020e+03 5.603697e+01 5.618146e+01
78 1.324710e-01 1.240716e+01 1.593121e+01 1.153694e+02 1.191471e+03 5.612479e+01 5.626920e+01
79 1.341240e-01 1.255184e+01 1.590627e+01 1.159771e+02 1.195301e+03 5.621240e+01 5.635671e+01
80 1.357750e-01 1.269610e+01 1.588049e+01 1.165475e+02 1.202064e+03 5.629979e+01 5.643470e+01
81 1.374239e-01 1.283994e+01 1.585416e+01 1.170912e+02 1.205957e+03 5.638695e+01 5.652178e+01
82 1.390707e-01 1.298335e+01 1.582027e+01 1.176265e+02 1.210151e+03 5.647390e+01 5.660864e+01
83 1.407154e-01 1.312635e+01 1.578820e+01 1.181187e+02 1.217350e+03 5.656062e+01 5.668711e+01
84 1.423580e-01 1.326893e+01 1.575576e+01 1.186003e+02 1.221463e+03 5.664711e+01 5.677353e+01
85 1.439985e-01 1.341110e+01 1.571862e+01 1.190860e+02 1.225781e+03 5.673339e+01 5.685972e+01
86 1.456368e-01 1.355284e+01 1.568303e+01 1.195546e+02 1.233207e+03 5.681944e+01 5.693847e+01
87 1.472730e-01 1.369417e+01 1.564995e+01 1.199862e+02 1.237365e+03 5.690526e+01 5.702422e+01
88 1.489070e-01 1.383508e+01 1.561308e+01 1.203841e+02 1.241658e+03 5.699086e+01 5.710974e+01
89 1.505389e-01 1.397557e+01 1.557347e+01 1.208121e+02 1.249233e+03 5.707623e+01 5.718861e+01
90 1.521686e-01 1.411565e+01 1.554077e+01 1.212303e+02 1.253354e+03 5.716137e+01 5.727368e+01
91 1.537961e-01 1.425532e+01 1.550544e+01 1.216172e+02 1.257542e+03 5.724629e+01 5.735852e+01
92 1.554215e-01 1.439457e+01 1.546824e+01 1.219980e+02 1.261823e+03 5.733098e+01 5.744313e+01
93 1.570446e-01 1.453341e+01 1.542936e+01 1.223677e+02 1.269399e+03 5.741544e+01 5.752177e+01
94 1.586655e-01 1.467183e+01 1.539635e+01 1.227142e+02 1.273585e+03 5.749967e+01 5.760592e+01
95 1.602843e-01 1.480984e+01 1.536200e+01 1.230709e+02 1.277792e+03 5.758366e+01 5.768985e+01
96 1.619007e-01 1.494744e+01 1.532635e+01 1.234388e+02 1.282010e+03 5.766743e+01 5.777354e+01
97 1.635150e-01 1.508463e+01 1.529007e+01 1.237812e+02 1.286217e+03 5.775097e+01 5.785701e+01
98 1.651271e-01 1.522140e+01 1.525325e+01 1.240991e+02 1.293784e+03 5.783428e+01 5.793507e+01
99 1.667369e-01 1.535777e+01 1.522049e+01 1.244074e+02 1.297856e+03 5.791735e+01 5.801807e+01
100 1.683444e-01 1.549373e+01 1.518711e+01 1.247404e+02 1.301905e+03 5.800019e+01 5.810085e+01
101 1.699497e-01 1.562927e+01 1.515312e+01 1.250636e+02 1.305934e+03 5.808280e+01 5.818338e+01
102 1.715527e-01 1.576441e+01 1.511872e+01 1.253656e+02 1.309934e+03 5.816518e+01 5.826569e+01
103 1.731535e-01 1.589914e+01 1.508425e+01 1.256653e+02 1.313901e+03 5.824732e+01 5.834776e+01
104 1.747519e-01 1.603347e+01 1.504958e+01 1.259578e+02 1.317865e+03 5.832923e+01 5.842960e+01
105 1.763481e-01 1.616739e+01 1.501486e+01 1.262345e+02 1.321786e+03 5.841090e+01 5.851120e+01
106 1.779420e-01 1.630090e+01 1.498182e+01 1.265254e+02 1.329486e+03 5.849234e+01 5.858790e+01
107 1.795336e-01 1.643401e+01 1.494905e+01 1.268133e+02 1.333340e+03 5.857355e+01 5.866904e+01
108 1.811229e-01 1.656672e+01 1.491613e+01 1.270967e+02 1.337151e+03 5.865452e+01 5.874994e+01
109 1.827099e-01 1.669902e+01 1.488318e+01 1.277843e+02 1.340962e+03 5.873525e+01 5.883060e+01
110 1.842946e-01 1.683092e+01 1.485020e+01 1.285192e+02 1.344752e+03 5.881575e+01 5.891103e+01
111 1.858769e-01 1.696242e+01 1.481727e+01 1.292390e+02 1.348490e+03 5.889601e+01 5.899123e+01
112 1.874569e-01 1.709352e+01 1.479548e+01 1.299512e+02 1.334680e+03 6.063668e+01 6.050246e+01
113 1.890346e-01 1.722421e+01 1.480617e+01 1.306350e+02 1.332954e+03 6.083027e+01 6.068675e+01
114 1.906100e-01 1.735451e+01 1.482111e+01 1.312908e+02 1.333417e+03 6.090704e+01 6.076364e+01
115 1.921830e-01 1.748441e+01 1.483649e+01 1.319188e+02 1.333851e+03 6.098356e+01 6.084028e+01
116 1.937536e-01 1.761392e+01 1.485815e+01 1.325192e+02 1.323740e+03 6.119314e+01 6.103918e+01
117 1.953219e-01 1.774302e+01 1.488149e+01 1.331112e+02 1.322896e+03 6.126896e+01 6.111513e+01
118 1.968879e-01 1.787173e+01 1.490388e+01 1.336926e+02 1.322055e+03 6.134453e+01 6.119083e+01
119 1.984515e-01 1.800004e+01 1.492563e+01 1.342483e+02 1.321296e+03 6.141987e+01 6.126630e+01
120 2.000127e-01 1.812796e+01 1.494655e+01 1.347787e+02 1.320662e+03 6.149496e+01 6.134152e+01
121 2.015715e-01 1.825549e+01 1.496567e+01 1.352841e+02 1.320127e+03 6.156981e+01 6.141650e+01
122 2.031280e-01 1.838262e+01 1.498384e+01 1.357649e+02 1.319787e+03 6.164442e+01 6.149124e+01
123 2.046821e-01 1.850937e+01 1.500100e+01 1.362389e+02 1.319555e+03 6.171879e+01 6.156574e+01
124 2.062338e-01 1.863572e+01 1.501551e+01 1.367048e+02 1.319396e+03 6.179292e+01 6.164000e+01
125 2.077831e-01 1.876168e+01 1.502796e+01 1.371480e+02 1.319390e+03 6.186680e+01 6.171402e+01
126 2.093301e-01 1.888725e+01 1.503887e+01 1.375689e+02 1.319426e+03 6.194045e+01 6.178779e+01
127 2.108746e-01 1.901244e+01 1.504773e+01 1.379677e+02 1.319579e+03 6.201386e+01 6.186133e+01
128 2.124167e-01 1.913723e+01 1.505426e+01 1.383448e+02 1.319904e+03 6.208702e+01 6.193463e+01
129 2.139564e-01 1.926165e+01 1.505903e+01 1.387117e+02 1.320371e+03 6.215994e+01 6.200768e+01
130 2.154938e-01 1.938567e+01 1.506133e+01 1.390781e+02 1.320944e+03 6.223263e+01 6.208050e+01
131 2.170287e-01 1.950931e+01 1.506144e+01 1.394247e+02 1.321629e+03 6.230507e+01 6.215308e+01
132 2.185612e-01 1.963257e+01 1.505935e+01 1.397518e+02 1.322367e+03 6.237728e+01 6.222541e+01
133 2.200913e-01 1.975544e+01 1.505537e+01 1.400597e+02 1.323241e+03 6.244924e+01 6.229751e+01
134 2.216189e-01 1.987794e+01 1.505008e+01 1.403488e+02 1.324310e+03 6.252097e+01 6.236937e+01
135 2.231442e-01 2.000005e+01 1.500441e+01 1.406194e+02 1.346300e+03 6.246342e+01 6.232257e+01
136 2.246670e-01 2.012178e+01 1.499653e+01 1.409016e+02 1.347525e+03 6.253490e+01 6.239417e+01
137 2.261874e-01 2.024314e+01 1.498717e+01 1.411667e+02 1.348843e+03 6.260613e+01 6.246552e+01
138 2.277053e-01 2.036411e+01 1.497639e+01 1.414149e+02 1.350244e+03 6.267713e+01 6.253664e+01
139 2.292209e-01 2.048471e+01 1.496390e+01 1.416465e+02 1.351675e+03 6.274789e+01 6.260752e+01
140 2.307340e-01 2.060493e+01 1.494975e+01 1.418619e+02 1.353133e+03 6.281841e+01 6.267817e+01
141 2.322446e-01 2.072478e+01 1.493457e+01 1.420613e+02 1.354644e+03 6.288869e+01 6.274858e+01
142 2.337529e-01 2.084426e+01 1.491781e+01 1.422580e+02 1.356238e+03 6.295874e+01 6.281875e+01
143 2.352586e-01 2.096336e+01 1.490026e+01 1.424550e+02 1.357901e+03 6.302855e+01 6.288868e+01
144 2.367620e-01 2.108209e+01 1.488169e+01 1.426375e+02 1.359606e+03 6.309812e+01 6.295838e+01
145 2.382629e-01 2.120045e+01 1.486170e+01 1.428058e+02 1.361345e+03 6.316746e+01 6.302784e+01
146 2.397613e-01 2.131844e+01 1.484101e+01 1.429601e+02 1.363138e+03 6.323656e+01 6.309706e+01
147 2.412573e-01 2.143606e+01 1.481992e+01 1.431007e+02 1.365029e+03 6.330542e+01 6.316605e+01
148 2.427509e-01 2.155331e+01 1.479799e+01 1.432278e+02 1.366972e+03 6.337405e+01 6.323480e+01
149 2.442420e-01 2.167020e+01 1.477546e+01 1.433611e+02 1.368573e+03 6.344245e+01 6.358157e+01
150 2.457307e-01 2.178672e+01 1.475258e+01 1.434894e+02 1.370680e+03 6.351061e+01 6.364961e+01
151 2.472169e-01 2.190287e+01 1.472918e+01 1.436055e+02 1.372884e+03 6.357853e+01 6.371741e+01
152 2.487006e-01 2.201866e+01 1.470545e+01 1.437096e+02 1.375144e+03 6.364623e+01 6.378498e+01
153 2.501819e-01 2.213409e+01 1.468149e+01 1.438020e+02 1.377458e+03 6.371369e+01 6.385231e+01
154 2.516608e-01 2.224916e+01 1.465699e+01 1.438829e+02 1.379804e+03 6.378091e+01 6.391942e+01
155 2.531372e-01 2.236386e+01 1.463211e+01 1.439523e+02 1.382208e+03 6.384791e+01 6.398629e+01
156 2.546111e-01 2.247821e+01 1.460724e+01 1.440302e+02 1.384699e+03 6.391467e+01 6.405292e+01
157 2.560826e-01 2.259220e+01 1.458229e+01 1.441036e+02 1.387231e+03 6.398120e+01 6.411933e+01
158 2.575516e-01 2.270583e+01 1.455709e+01 1.441668e+02 1.389884e+03 6.404750e+01 6.418550e+01
159 2.590182e-01 2.281910e+01 1.453182e+01 1.442199e+02 1.392605e+03 6.411357e+01 6.425145e+01
160 2.604823e-01 2.293202e+01 1.450652e+01 1.442631e+02 1.395392e+03 6.417941e+01 6.431716e+01
161 2.619440e-01 2.304459e+01 1.448117e+01 1.442965e+02 1.398234e+03 6.424502e+01 6.438265e+01
162 2.634032e-01 2.315680e+01 1.445591e+01 1.443204e+02 1.401157e+03 6.431040e+01 6.444790e+01
163 2.648599e-01 2.326866e+01 1.443053e+01 1.443491e+02 1.404103e+03 6.437555e+01 6.451293e+01
164 2.663142e-01 2.338016e+01 1.440512e+01 1.443788e+02 1.407118e+03 6.444048e+01 6.457773e+01
165 2.677660e-01 2.349132e+01 1.437973e+01 1.444000e+02 1.410170e+03 6.450517e+01 6.464230e+01
166 2.692154e-01 2.360213e+01 1.435439e+01 1.444127e+02 1.413307e+03 6.456964e+01 6.470664e+01
167 2.706623e-01 2.371259e+01 1.432911e+01 1.444171e+02 1.416501e+03 6.463388e+01 6.477075e+01
168 2.721067e-01 2.382270e+01 1.430379e+01 1.444132e+02 1.419744e+03 6.469789e+01 6.483464e+01
169 2.735487e-01 2.393247e+01 1.427857e+01 1.444012e+02 1.422998e+03 6.476168e+01 6.489831e+01
170 2.749883e-01 2.404190e+01 1.425335e+01 1.443849e+02 1.426322e+03 6.482525e+01 6.496175e+01
171 2.764253e-01 2.415098e+01 1.422842e+01 1.443802e+02 1.429689e+03 6.488859e+01 6.502496e+01
172 2.778600e-01 2.425971e+01 1.420328e+01 1.443682e+02 1.433152e+03 6.495170e+01 6.508795e+01
173 2.792922e-01 2.436811e+01 1.417930e+01 1.443491e+02 1.436545e+03 6.501459e+01 6.515071e+01
174 2.807219e-01 2.447616e+01 1.415318e+01 1.443229e+02 1.440106e+03 6.507726e+01 6.521326e+01
175 2.821492e-01 2.458388e+01 1.414092e+01 1.442896e+02 1.442429e+03 6.513970e+01 6.527558e+01
176 2.835740e-01 2.469126e+01 1.410385e+01 1.442499e+02 1.447102e+03 6.520193e+01 6.533767e+01
177 2.849963e-01 2.479830e+01 1.409773e+01 1.442029e+02 1.448817e+03 6.526393e+01 6.539955e+01
178 2.864163e-01 2.490500e+01 1.405475e+01 1.441604e+02 1.454083e+03 6.532571e+01 6.546121e+01
179 2.878337e-01 2.501137e+01 1.404861e+01 1.441222e+02 1.455772e+03 6.538727e+01 6.552264e+01
180 2.892488e-01 2.511741e+01 1.400556e+01 1.440785e+02 1.461035e+03 6.544861e+01 6.558386e+01
181 2.906614e-01 2.522311e+01 1.399951e+01 1.440281e+02 1.462698e+03 6.550973e+01 6.564485e+01
182 2.920715e-01 2.532849e+01 1.395649e+01 1.439726e+02 1.467965e+03 6.557063e+01 6.570563e+01
183 2.934792e-01 2.543353e+01 1.395033e+01 1.439103e+02 1.469536e+03 6.563132e+01 6.576619e+01
184 2.948845e-01 2.553824e+01 1.390694e+01 1.438430e+02 1.474736e+03 6.569178e+01 6.582653e+01
185 2.962873e-01 2.564262e+01 1.390070e+01 1.437691e+02 1.476277e+03 6.575203e+01 6.588665e+01
186 2.976877e-01 2.574668e+01 1.385714e+01 1.437012e+02 1.481430e+03 6.581207e+01 6.594656e+01
187 2.990856e-01 2.585041e+01 1.385086e+01 1.436369e+02 1.482925e+03 6.587189e+01 6.600626e+01
188 3.004811e-01 2.595381e+01 1.368345e+01 1.435683e+02 1.494829e+03 6.582961e+01 6.595509e+01
189 3.018742e-01 2.605689e+01 1.367621e+01 1.434937e+02 1.496461e+03 6.588919e+01 6.601455e+01
190 3.032648e-01 2.615965e+01 1.363138e+01 1.434150e+02 1.501723e+03 6.594855e+01 6.607380e+01
191 3.046531e-01 2.626208e+01 1.362422e+01 1.433303e+02 1.503318e+03 6.600770e+01 6.613284e+01
192 3.060389e-01 2.636420e+01 1.357932e+01 1.432416e+02 1.508558e+03 6.606664e+01 6.619166e+01
193 3.074222e-01 2.646599e+01 1.357213e+01 1.431470e+02 1.510103e+03 6.612536e+01 6.625026e+01
194 3.088032e-01 2.656747e+01 1.352718e+01 1.430537e+02 1.515294e+03 6.618387e+01 6.630866e+01
195 3.101817e-01 2.666863e+01 1.351997e+01 1.429690e+02 1.516566e+03 6.624217e+01 6.661619e+01
196 3.115578e-01 2.676947e+01 1.347950e+01 1.428810e+02 1.530358e+03 6.759071e+01 6.747258e+01
197 3.129315e-01 2.687000e+01 1.348432e+01 1.427875e+02 1.531537e+03 6.764614e+01 6.752812e+01
198 3.143028e-01 2.697021e+01 1.345682e+01 1.426911e+02 1.537163e+03 6.770135e+01 6.758345e+01
199 3.156717e-01 2.707011e+01 1.346134e+01 1.425889e+02 1.538337e+03 6.775637e+01 6.763858e+01
200 3.170381e-01 2.716970e+01 1.343293e+01 1.424839e+02 1.543970e+03 6.781118e+01 6.769350e+01
201 3.184022e-01 2.726898e+01 1.343713e+01 1.423733e+02 1.545088e+03 6.786579e+01 6.774823e+01
202 3.197639e-01 2.736795e+01 1.340767e+01 1.422598e+02 1.550683e+03 6.792019e+01 6.780275e+01
203 3.211231e-01 2.746660e+01 1.341158e+01 1.421533e+02 1.551761e+03 6.797439e+01 6.785706e+01
204 3.224800e-01 2.756496e+01 1.338124e+01 1.420502e+02 1.557323e+03 6.802839e+01 6.791118e+01
205 3.238344e-01 2.766300e+01 1.338480e+01 1.419765e+02 1.558351e+03 6.808220e+01 6.796509e+01
206 3.251865e-01 2.776074e+01 1.335339e+01 1.420719e+02 1.563868e+03 6.813580e+01 6.801881e+01
207 3.265362e-01 2.785817e+01 1.335662e+01 1.421625e+02 1.564847e+03 6.818920e+01 6.807233e+01
208 3.278835e-01 2.795530e+01 1.332416e+01 1.422518e+02 1.570312e+03 6.824240e+01 6.812564e+01
209 3.292284e-01 2.805213e+01 1.333083e+01 1.423362e+02 1.570748e+03 6.829541e+01 6.817876e+01
210 3.305709e-01 2.814866e+01 1.329367e+01 1.424200e+02 1.576676e+03 6.834822e+01 6.823169e+01
211 3.319111e-01 2.824489e+01 1.330001e+01 1.424983e+02 1.577081e+03 6.840083e+01 6.828441e+01
212 3.332488e-01 2.834081e+01 1.326162e+01 1.425890e+02 1.582994e+03 6.845325e+01 6.833694e+01
213 3.345842e-01 2.843644e+01 1.326766e+01 1.426788e+02 1.583372e+03 6.850547e+01 6.838928e+01
214 3.359173e-01 2.853178e+01 1.322815e+01 1.427683e+02 1.589309e+03 6.855750e+01 6.844142e+01
215 3.372479e-01 2.862681e+01 1.323388e+01 1.428526e+02 1.589670e+03 6.860933e+01 6.849337e+01
216 3.385763e-01 2.872156e+01 1.319325e+01 1.429366e+02 1.595596e+03 6.866097e+01 6.854512e+01
217 3.399022e-01 2.881601e+01 1.319864e+01 1.430155e+02 1.595930e+03 6.871242e+01 6.859668e+01
218 3.412258e-01 2.891016e+01 1.315685e+01 1.430940e+02 1.601878e+03 6.876368e+01 6.864805e+01
219 3.425470e-01 2.900403e+01 1.316190e+01 1.431675e+02 1.602214e+03 6.881475e+01 6.869923e+01
220 3.438659e-01 2.909760e+01 1.311890e+01 1.432405e+02 1.608198e+03 6.886562e+01 6.875022e+01
221 3.451825e-01 2.919089e+01 1.311935e+01 1.433158e+02 1.609035e+03 6.891631e+01 6.880102e+01
222 3.464967e-01 2.928388e+01 1.307926e+01 1.433993e+02 1.614552e+03 6.896681e+01 6.885163e+01
223 3.478085e-01 2.937659e+01 1.307930e+01 1.434836e+02 1.615367e+03 6.901712e+01 6.890206e+01
224 3.491180e-01 2.946901e+01 1.303815e+01 1.435677e+02 1.620927e+03 6.906724e+01 6.895229e+01
225 3.504252e-01 2.956115e+01 1.303777e+01 1.436477e+02 1.621764e+03 6.911718e+01 6.900234e+01
226 3.517301e-01 2.965300e+01 1.299556e+01 1.437269e+02 1.627353e+03 6.916693e+01 6.905220e+01
227 3.530326e-01 2.974457e+01 1.299477e+01 1.438020e+02 1.628178e+03 6.921649e+01 6.910188e+01
228 3.543328e-01 2.983586e+01 1.295155e+01 1.438762e+02 1.633776e+03 6.926587e+01 6.915137e+01
229 3.556307e-01 2.992687e+01 1.294656e+01 1.439463e+02 1.635011e+03 6.931507e+01 6.920068e+01
230 3.569263e-01 3.001759e+01 1.290595e+01 1.440152e+02 1.640197e+03 6.936408e+01 6.924980e+01
231 3.582196e-01 3.010804e+01 1.290051e+01 1.440915e+02 1.641408e+03 6.941291e+01 6.929874e+01
232 3.595105e-01 3.019821e+01 1.285888e+01 1.441710e+02 1.646668e+03 6.946156e+01 6.934750e+01
233 3.607992e-01 3.028810e+01 1.284708e+01 1.442470e+02 1.648576e+03 6.951003e+01 6.939608e+01
234 3.620856e-01 3.037772e+01 1.281023e+01 1.443217e+02 1.653203e+03 6.955832e+01 6.944448e+01
235 3.633696e-01 3.046706e+01 1.279382e+01 1.443933e+02 1.655528e+03 6.960642e+01 6.949270e+01
236 3.646514e-01 3.055613e+01 1.276004e+01 1.444633e+02 1.659711e+03 6.965435e+01 6.954073e+01
237 3.659309e-01 3.064493e+01 1.273831e+01 1.445305e+02 1.662511e+03 6.970210e+01 6.958859e+01
238 3.672081e-01 3.073345e+01 1.270837e+01 1.445958e+02 1.666709e+03 6.974967e+01 6.986307e+01
239 3.684830e-01 3.082170e+01 1.268347e+01 1.446586e+02 1.669764e+03 6.979707e+01 6.991035e+01
240 3.697556e-01 3.090969e+01 1.265532e+01 1.447194e+02 1.673134e+03 6.984429e+01 6.995746e+01
241 3.710260e-01 3.099740e+01 1.262886e+01 1.447856e+02 1.676266e+03 6.989133e+01 7.000440e+01
242 3.722941e-01 3.108485e+01 1.253531e+01 1.448563e+02 1.690396e+03 6.979282e+01 6.989922e+01
243 3.735599e-01 3.117203e+01 1.250904e+01 1.449251e+02 1.693683e+03 6.983980e+01 6.994610e+01
244 3.748235e-01 3.125894e+01 1.248214e+01 1.449918e+02 1.696996e+03 6.988660e+01 6.999280e+01
245 3.760848e-01 3.134559e+01 1.245511e+01 1.450566e+02 1.700282e+03 6.993322e+01 7.003932e+01
246 3.773439e-01 3.143198e+01 1.242755e+01 1.451194e+02 1.703580e+03 6.997968e+01 7.008567e+01
247 3.786007e-01 3.151810e+01 1.239973e+01 1.451802e+02 1.706884e+03 7.002596e+01 7.013185e+01
248 3.798553e-01 3.160396e+01 1.237152e+01 1.452390e+02 1.710168e+03 7.007207e+01 7.017786e+01
249 3.811076e-01 3.168956e+01 1.234299e+01 1.452958e+02 1.713430e+03 7.011801e+01 7.022370e+01
250 3.823577e-01 3.177490e+01 1.231412e+01 1.453506e+02 1.716674e+03 7.016378e+01 7.026937e+01
251 3.836056e-01 3.185999e+01 1.228493e+01 1.454034e+02 1.719898e+03 7.020938e+01 7.031486e+01
252 3.848512e-01 3.194481e+01 1.225539e+01 1.454689e+02 1.723125e+03 7.025481e+01 7.036019e+01
253 3.860946e-01 3.202938e+01 1.222545e+01 1.455354e+02 1.726360e+03 7.030007e+01 7.040535e+01
254 3.873358e-01 3.211369e+01 1.219520e+01 1.456001e+02 1.729573e+03 7.034517e+01 7.045035e+01
255 3.885748e-01 3.219775e+01 1.216463e+01 1.456630e+02 1.732759e+03 7.039010e+01 7.049518e+01
256 3.898115e-01 3.228155e+01 1.213373e+01 1.457241e+02 1.735924e+03 7.043486e+01 7.053984e+01
257 3.910461e-01 3.236510e+01 1.210250e+01 1.457833e+02 1.739069e+03 7.047946e+01 7.058434e+01
258 3.922784e-01 3.244840e+01 1.207093e+01 1.458407e+02 1.742225e+03 7.052389e+01 7.062867e+01
259 3.935086e-01 3.253145e+01 1.203905e+01 1.458962e+02 1.745363e+03 7.056816e+01 7.067284e+01
260 3.947366e-01 3.261425e+01 1.200685e+01 1.459499e+02 1.748483e+03 7.061226e+01 7.071684e+01
261 3.959623e-01 3.269679e+01 1.197435e+01 1.460018e+02 1.751588e+03 7.065620e+01 7.076068e+01
262 3.971859e-01 3.277910e+01 1.194155e+01 1.460518e+02 1.754645e+03 7.069998e+01 7.080436e+01
263 3.984073e-01 3.286115e+01 1.190844e+01 1.461076e+02 1.757694e+03 7.074360e+01 7.084788e+01
264 3.996265e-01 3.294296e+01 1.187504e+01 1.461665e+02 1.760748e+03 7.078706e+01 7.089124e+01
265 4.008436e-01 3.302452e+01 1.184131e+01 1.462238e+02 1.763756e+03 7.083036e+01 7.093444e+01
266 4.020585e-01 3.310584e+01 1.180732e+01 1.462794e+02 1.766704e+03 7.087349e+01 7.097748e+01
267 4.032712e-01 3.318691e+01 1.177304e+01 1.463334e+02 1.769623e+03 7.091647e+01 7.102036e+01
268 4.044818e-01 3.326775e+01 1.173850e+01 1.463857e+02 1.772494e+03 7.095929e+01 7.106308e+01
269 4.056902e-01 3.334834e+01 1.170365e+01 1.464363e+02 1.775383e+03 7.100196e+01 7.110564e+01
270 4.068965e-01 3.342869e+01 1.166856e+01 1.464852e+02 1.778204e+03 7.104446e+01 7.114805e+01
271 4.081006e-01 3.350880e+01 1.163323e+01 1.465325e+02 1.780977e+03 7.108681e+01 7.119030e+01
272 4.093025e-01 3.358867e+01 1.159761e+01 1.465781e+02 1.783738e+03 7.112901e+01 7.123240e+01
273 4.105024e-01 3.366831e+01 1.156176e+01 1.466220e+02 1.786470e+03 7.117105e+01 7.127434e+01
274 4.117001e-01 3.374771e+01 1.152565e+01 1.466642e+02 1.789268e+03 7.121293e+01 7.131613e+01
275 4.128957e-01 3.382687e+01 1.148930e+01 1.467130e+02 1.791999e+03 7.125466e+01 7.135776e+01
276 4.140891e-01 3.390579e+01 1.145267e+01 1.467636e+02 1.794725e+03 7.129624e+01 7.139924e+01
277 4.152804e-01 3.398449e+01 1.141583e+01 1.468127e+02 1.797506e+03 7.133767e+01 7.144057e+01
278 4.164697e-01 3.406295e+01 1.137876e+01 1.468603e+02 1.800387e+03 7.137894e+01 7.148175e+01
279 4.176568e-01 3.414118e+01 1.134145e+01 1.469067e+02 1.803316e+03 7.142007e+01 7.152277e+01
280 4.188418e-01 3.421917e+01 1.130553e+01 1.469611e+02 1.824746e+03 7.239970e+01 7.230212e+01
281 4.200247e-01 3.429694e+01 1.127666e+01 1.470147e+02 1.827461e+03 7.243873e+01 7.234124e+01
282 4.212055e-01 3.437448e+01 1.124742e+01 1.470674e+02 1.830141e+03 7.247762e+01 7.238022e+01
283 4.223842e-01 3.445178e+01 1.121779e+01 1.471193e+02 1.832769e+03 7.251636e+01 7.241906e+01
284 4.235608e-01 3.452887e+01 1.118770e+01 1.471703e+02 1.835386e+03 7.255496e+01 7.245775e+01
285 4.247354e-01 3.460572e+01 1.115722e+01 1.472206e+02 1.837952e+03 7.259341e+01 7.249630e+01
286 4.259078e-01 3.468235e+01 1.112630e+01 1.472700e+02 1.840553e+03 7.263173e+01 7.253471e+01
287 4.270782e-01 3.475875e+01 1.109499e+01 1.473186e+02 1.843166e+03 7.266990e+01 7.257298e+01
288 4.282466e-01 3.483493e+01 1.106326e+01 1.473664e+02 1.845738e+03 7.270794e+01 7.261110e+01
289 4.294128e-01 3.491088e+01 1.103110e+01 1.474133e+02 1.848279e+03 7.274583e+01 7.264909e+01
290 4.305770e-01 3.498662e+01 1.099857e+01 1.474595e+02 1.850931e+03 7.278358e+01 7.268693e+01
291 4.317392e-01 3.506213e+01 1.096563e+01 1.475048e+02 1.853675e+03 7.282120e+01 7.272464e+01
