# it strain shortening ε_f δT D θ θc
1 0.000000e+00 0.000000e+00 1.224243e+00 5.684342e-14 6.349920e+03 4.500000e+01 4.512215e+01
2 1.770244e-03 1.768678e-01 1.256746e+00 1.307590e+00 6.115110e+03 4.510143e+01 4.522358e+01
3 3.539646e-03 3.533389e-01 1.288213e+00 2.590833e+00 5.924908e+03 4.520281e+01 4.532496e+01
4 5.308184e-03 5.294120e-01 1.321302e+00 3.848128e+00 5.759007e+03 4.530413e+01 4.542628e+01
5 7.075837e-03 7.050863e-01 1.356116e+00 5.080520e+00 5.610870e+03 4.540540e+01 4.552755e+01
6 8.842586e-03 8.803605e-01 1.392756e+00 6.288889e+00 5.475932e+03 4.550662e+01 4.562876e+01
7 1.060841e-02 1.055234e+00 1.431337e+00 7.474155e+00 5.351185e+03 4.560777e+01 4.572991e+01
8 1.237328e-02 1.229705e+00 1.471970e+00 8.637222e+00 5.234463e+03 4.570886e+01 4.583100e+01
9 1.413719e-02 1.403773e+00 1.514779e+00 9.778454e+00 5.124099e+03 4.580989e+01 4.593202e+01
10 1.590012e-02 1.577438e+00 1.559894e+00 1.089824e+01 5.018822e+03 4.591086e+01 4.603298e+01
11 1.766203e-02 1.750697e+00 1.607448e+00 1.206486e+01 4.917779e+03 4.601175e+01 4.613386e+01
12 1.942292e-02 1.923551e+00 1.657583e+00 1.323918e+01 4.820059e+03 4.611257e+01 4.623468e+01
13 2.118276e-02 2.095998e+00 1.710339e+00 1.441210e+01 4.724448e+03 4.621332e+01 4.633542e+01
14 2.294153e-02 2.268037e+00 1.765826e+00 1.558468e+01 4.630884e+03 4.631399e+01 4.643608e+01
15 2.469921e-02 2.439668e+00 1.824274e+00 1.675854e+01 4.539336e+03 4.641459e+01 4.653666e+01
16 2.645579e-02 2.610890e+00 1.885954e+00 1.793534e+01 4.449769e+03 4.651510e+01 4.663717e+01
17 2.821124e-02 2.781702e+00 1.951007e+00 1.913505e+01 4.361796e+03 4.661553e+01 4.673758e+01
18 2.996555e-02 2.952103e+00 2.019634e+00 2.035822e+01 4.275176e+03 4.671587e+01 4.683792e+01
19 3.171869e-02 3.122092e+00 2.092047e+00 2.158739e+01 4.189696e+03 4.681613e+01 4.693816e+01
20 3.347064e-02 3.291670e+00 2.168400e+00 2.282330e+01 4.104973e+03 4.691630e+01 4.703831e+01
21 3.522139e-02 3.460834e+00 2.248887e+00 2.406666e+01 4.020934e+03 4.701637e+01 4.713837e+01
22 3.697092e-02 3.629584e+00 2.333649e+00 2.531799e+01 3.937340e+03 4.711635e+01 4.723834e+01
23 3.871921e-02 3.797920e+00 2.423081e+00 2.657737e+01 3.854693e+03 4.721623e+01 4.733820e+01
24 4.046623e-02 3.965841e+00 2.517382e+00 2.789029e+01 3.772768e+03 4.731602e+01 4.743797e+01
25 4.221198e-02 4.133346e+00 2.616929e+00 2.922809e+01 3.691546e+03 4.741570e+01 4.753764e+01
26 4.395643e-02 4.300435e+00 2.721892e+00 3.057862e+01 3.610815e+03 4.751528e+01 4.763720e+01
27 4.569957e-02 4.467107e+00 2.832435e+00 3.194202e+01 3.530499e+03 4.761475e+01 4.773665e+01
28 4.744137e-02 4.633362e+00 2.948809e+00 3.331824e+01 3.450541e+03 4.771412e+01 4.783600e+01
29 4.918182e-02 4.799198e+00 3.071456e+00 3.470672e+01 3.371318e+03 4.781338e+01 4.793524e+01
30 5.092090e-02 4.964616e+00 3.200566e+00 3.614430e+01 3.292748e+03 4.791252e+01 4.803436e+01
31 5.265859e-02 5.129615e+00 3.336420e+00 3.761931e+01 3.214805e+03 4.801155e+01 4.813337e+01
32 5.439488e-02 5.294194e+00 3.479171e+00 3.910858e+01 3.137453e+03 4.811047e+01 4.823226e+01
33 5.612975e-02 5.458354e+00 3.629183e+00 4.061142e+01 3.060799e+03 4.820926e+01 4.833103e+01
34 5.786317e-02 5.622093e+00 3.786506e+00 4.212681e+01 2.984880e+03 4.830794e+01 4.842969e+01
35 5.959514e-02 5.785411e+00 3.951333e+00 4.365528e+01 2.909870e+03 4.840649e+01 4.852822e+01
36 6.132563e-02 5.948307e+00 4.123787e+00 4.525319e+01 2.835793e+03 4.850492e+01 4.862662e+01
37 6.305464e-02 6.110782e+00 4.304038e+00 4.686238e+01 2.762786e+03 4.860323e+01 4.872490e+01
38 6.478213e-02 6.272835e+00 4.491957e+00 4.848116e+01 2.690884e+03 4.870140e+01 4.882304e+01
39 6.650810e-02 6.434466e+00 4.687435e+00 5.010736e+01 2.618826e+03 4.879945e+01 4.916429e+01
40 6.823253e-02 6.595674e+00 4.892544e+00 5.174040e+01 2.549686e+03 4.889736e+01 4.926212e+01
41 6.995540e-02 6.756459e+00 5.105265e+00 5.342641e+01 2.482050e+03 4.899514e+01 4.935981e+01
42 7.167669e-02 6.916821e+00 5.325427e+00 5.513269e+01 2.415976e+03 4.909278e+01 4.945736e+01
43 7.339640e-02 7.076759e+00 5.555154e+00 5.683988e+01 2.350459e+03 4.919028e+01 4.979776e+01
44 7.511450e-02 7.236274e+00 5.792661e+00 5.855613e+01 2.287982e+03 4.928765e+01 4.989497e+01
45 7.683098e-02 7.395364e+00 6.036750e+00 6.026908e+01 2.227405e+03 4.938487e+01 4.999203e+01
46 7.854582e-02 7.554030e+00 6.291622e+00 6.201167e+01 2.167924e+03 4.948195e+01 5.033172e+01
47 8.025901e-02 7.712272e+00 6.552759e+00 6.378311e+01 2.111545e+03 4.957888e+01 5.042843e+01
48 8.197054e-02 7.870090e+00 6.821364e+00 6.554448e+01 2.056433e+03 4.967567e+01 5.076759e+01
49 8.368038e-02 8.027482e+00 7.099410e+00 6.730417e+01 2.004481e+03 4.977231e+01 5.086392e+01
50 8.538852e-02 8.184450e+00 7.381957e+00 6.905395e+01 1.954820e+03 4.986879e+01 5.096009e+01
51 8.709494e-02 8.340993e+00 7.676054e+00 7.082046e+01 1.906680e+03 4.996513e+01 5.129847e+01
52 8.879964e-02 8.497111e+00 7.974396e+00 7.260986e+01 1.861556e+03 5.006131e+01 5.139426e+01
53 9.050260e-02 8.652804e+00 8.275191e+00 7.437601e+01 1.818675e+03 5.015733e+01 5.148988e+01
54 9.220380e-02 8.808072e+00 8.576744e+00 7.611458e+01 1.778013e+03 5.025320e+01 5.158534e+01
55 9.390323e-02 8.962915e+00 8.877456e+00 7.782116e+01 1.739574e+03 5.034891e+01 5.168063e+01
56 9.560088e-02 9.117332e+00 9.175764e+00 7.952072e+01 1.703336e+03 5.044445e+01 5.177575e+01
57 9.729672e-02 9.271325e+00 9.469883e+00 8.120846e+01 1.669221e+03 5.053984e+01 5.187071e+01
58 9.899076e-02 9.424892e+00 9.757997e+00 8.285357e+01 1.637193e+03 5.063506e+01 5.196549e+01
59 1.006830e-01 9.578034e+00 1.005508e+01 8.446274e+01 1.606788e+03 5.073011e+01 5.230181e+01
60 1.023733e-01 9.730752e+00 1.034857e+01 8.605490e+01 1.578804e+03 5.082500e+01 5.239616e+01
61 1.040618e-01 9.883044e+00 1.063332e+01 8.762732e+01 1.552763e+03 5.091972e+01 5.249034e+01
62 1.057485e-01 1.003491e+01 1.090777e+01 8.917235e+01 1.528594e+03 5.101427e+01 5.258434e+01
63 1.074333e-01 1.018635e+01 1.117014e+01 9.066295e+01 1.506195e+03 5.110865e+01 5.267817e+01
64 1.091161e-01 1.033737e+01 1.141917e+01 9.209648e+01 1.485510e+03 5.120285e+01 5.277181e+01
65 1.107971e-01 1.048797e+01 1.165353e+01 9.347076e+01 1.466505e+03 5.129688e+01 5.286527e+01
66 1.124762e-01 1.063814e+01 1.187236e+01 9.481522e+01 1.449072e+03 5.139074e+01 5.295854e+01
67 1.141533e-01 1.078788e+01 1.207466e+01 9.612046e+01 1.433115e+03 5.148441e+01 5.305163e+01
68 1.158285e-01 1.093720e+01 1.227387e+01 9.739627e+01 1.418317e+03 5.157791e+01 5.338541e+01
69 1.175017e-01 1.108610e+01 1.246143e+01 9.861593e+01 1.405122e+03 5.167123e+01 5.347803e+01
70 1.191730e-01 1.123458e+01 1.263222e+01 9.977410e+01 1.393174e+03 5.176436e+01 5.357047e+01
71 1.208423e-01 1.138263e+01 1.278602e+01 1.009011e+02 1.382398e+03 5.185732e+01 5.366271e+01
72 1.225096e-01 1.153026e+01 1.292282e+01 1.019884e+02 1.372723e+03 5.195008e+01 5.375476e+01
73 1.241749e-01 1.167746e+01 1.304309e+01 1.030161e+02 1.364135e+03 5.204267e+01 5.384662e+01
74 1.258382e-01 1.182425e+01 1.314703e+01 1.039848e+02 1.356588e+03 5.213506e+01 5.393828e+01
75 1.274994e-01 1.197061e+01 1.323546e+01 1.048954e+02 1.349964e+03 5.222727e+01 5.402975e+01
76 1.291587e-01 1.211655e+01 1.330886e+01 1.058271e+02 1.344180e+03 5.231929e+01 5.412102e+01
77 1.308158e-01 1.226207e+01 1.339027e+01 1.067262e+02 1.338996e+03 5.241112e+01 5.445202e+01
78 1.324710e-01 1.240716e+01 1.346425e+01 1.076196e+02 1.334713e+03 5.250276e+01 5.454279e+01
79 1.341240e-01 1.255184e+01 1.353281e+01 1.084646e+02 1.330952e+03 5.259420e+01 5.487302e+01
80 1.357750e-01 1.269610e+01 1.360871e+01 1.092988e+02 1.327984e+03 5.268545e+01 5.496328e+01
81 1.374239e-01 1.283994e+01 1.367335e+01 1.101143e+02 1.325578e+03 5.277651e+01 5.505334e+01
82 1.390707e-01 1.298335e+01 1.373922e+01 1.109380e+02 1.323553e+03 5.286737e+01 5.538246e+01
83 1.407154e-01 1.312635e+01 1.380802e+01 1.117351e+02 1.322196e+03 5.295803e+01 5.547199e+01
84 1.423580e-01 1.326893e+01 1.386708e+01 1.125043e+02 1.321280e+03 5.304850e+01 5.556132e+01
85 1.439985e-01 1.341110e+01 1.392739e+01 1.132602e+02 1.320607e+03 5.313876e+01 5.588929e+01
86 1.456368e-01 1.355284e+01 1.399197e+01 1.139838e+02 1.320464e+03 5.322883e+01 5.597809e+01
87 1.472730e-01 1.369417e+01 1.404809e+01 1.146999e+02 1.320712e+03 5.331869e+01 5.606667e+01
88 1.489070e-01 1.383508e+01 1.410055e+01 1.153761e+02 1.321111e+03 5.340835e+01 5.639347e+01
89 1.505389e-01 1.397557e+01 1.416300e+01 1.160137e+02 1.321943e+03 5.349781e+01 5.648152e+01
90 1.521686e-01 1.411565e+01 1.421791e+01 1.166138e+02 1.323098e+03 5.358707e+01 5.656935e+01
91 1.537961e-01 1.425532e+01 1.426568e+01 1.171774e+02 1.324530e+03 5.367612e+01 5.665696e+01
92 1.554215e-01 1.439457e+01 1.430684e+01 1.177468e+02 1.326189e+03 5.376496e+01 5.674435e+01
93 1.570446e-01 1.453341e+01 1.434172e+01 1.182854e+02 1.328039e+03 5.385360e+01 5.683153e+01
94 1.586655e-01 1.467183e+01 1.437075e+01 1.187921e+02 1.330059e+03 5.394202e+01 5.691849e+01
95 1.602843e-01 1.480984e+01 1.439439e+01 1.192678e+02 1.332234e+03 5.403024e+01 5.700522e+01
96 1.619007e-01 1.494744e+01 1.441296e+01 1.197136e+02 1.334548e+03 5.411826e+01 5.709174e+01
97 1.635150e-01 1.508463e+01 1.442690e+01 1.201528e+02 1.336984e+03 5.420606e+01 5.717803e+01
98 1.651271e-01 1.522140e+01 1.443655e+01 1.205835e+02 1.339541e+03 5.429365e+01 5.726411e+01
99 1.667369e-01 1.535777e+01 1.444221e+01 1.209883e+02 1.342237e+03 5.438102e+01 5.734996e+01
100 1.683444e-01 1.549373e+01 1.443867e+01 1.213747e+02 1.345053e+03 5.446819e+01 5.743558e+01
101 1.699497e-01 1.562927e+01 1.442504e+01 1.217473e+02 1.348024e+03 5.455514e+01 5.752099e+01
102 1.715527e-01 1.576441e+01 1.440855e+01 1.220965e+02 1.351173e+03 5.464188e+01 5.760617e+01
103 1.731535e-01 1.589914e+01 1.438960e+01 1.224826e+02 1.354379e+03 5.472841e+01 5.769112e+01
104 1.747519e-01 1.603347e+01 1.436838e+01 1.228599e+02 1.357633e+03 5.481472e+01 5.777585e+01
105 1.763481e-01 1.616739e+01 1.434508e+01 1.232154e+02 1.360943e+03 5.490081e+01 5.786035e+01
106 1.779420e-01 1.630090e+01 1.432005e+01 1.235737e+02 1.364298e+03 5.498669e+01 5.794463e+01
107 1.795336e-01 1.643401e+01 1.429344e+01 1.239202e+02 1.367711e+03 5.507235e+01 5.802868e+01
108 1.811229e-01 1.656672e+01 1.426536e+01 1.242595e+02 1.371157e+03 5.515779e+01 5.811250e+01
109 1.827099e-01 1.669902e+01 1.423611e+01 1.246269e+02 1.374617e+03 5.524301e+01 5.819609e+01
110 1.842946e-01 1.683092e+01 1.420581e+01 1.249832e+02 1.378082e+03 5.532802e+01 5.827945e+01
111 1.858769e-01 1.696242e+01 1.417453e+01 1.253206e+02 1.381569e+03 5.541281e+01 5.836259e+01
112 1.874569e-01 1.709352e+01 1.414248e+01 1.256610e+02 1.385087e+03 5.549737e+01 5.844550e+01
113 1.890346e-01 1.722421e+01 1.410969e+01 1.259919e+02 1.388630e+03 5.558172e+01 5.852817e+01
114 1.906100e-01 1.735451e+01 1.407641e+01 1.263248e+02 1.392213e+03 5.566584e+01 5.861062e+01
115 1.921830e-01 1.748441e+01 1.404260e+01 1.266565e+02 1.395840e+03 5.574975e+01 5.869284e+01
116 1.937536e-01 1.761392e+01 1.400837e+01 1.269717e+02 1.399455e+03 5.583343e+01 5.877482e+01
117 1.953219e-01 1.774302e+01 1.397393e+01 1.272710e+02 1.403045e+03 5.591689e+01 5.885658e+01
118 1.968879e-01 1.787173e+01 1.394828e+01 1.275546e+02 1.406486e+03 5.600013e+01 5.917267e+01
119 1.984515e-01 1.800004e+01 1.392260e+01 1.278229e+02 1.410049e+03 5.608314e+01 5.925383e+01
120 2.000127e-01 1.812796e+01 1.389653e+01 1.280972e+02 1.413598e+03 5.616593e+01 5.933475e+01
121 2.015715e-01 1.825549e+01 1.387014e+01 1.283708e+02 1.417130e+03 5.624850e+01 5.941544e+01
122 2.031280e-01 1.838262e+01 1.384337e+01 1.286221e+02 1.420705e+03 5.633084e+01 5.949589e+01
123 2.046821e-01 1.850937e+01 1.381636e+01 1.288468e+02 1.424313e+03 5.641296e+01 5.957611e+01
124 2.062338e-01 1.863572e+01 1.379591e+01 1.290587e+02 1.427781e+03 5.649486e+01 5.988974e+01
125 2.077831e-01 1.876168e+01 1.377685e+01 1.292582e+02 1.431380e+03 5.657653e+01 5.996935e+01
126 2.093301e-01 1.888725e+01 1.375748e+01 1.294618e+02 1.434951e+03 5.665797e+01 6.004873e+01
127 2.108746e-01 1.901244e+01 1.373775e+01 1.296702e+02 1.438504e+03 5.673919e+01 6.012788e+01
128 2.124167e-01 1.913723e+01 1.371788e+01 1.298676e+02 1.442040e+03 5.682018e+01 6.020679e+01
129 2.139564e-01 1.926165e+01 1.369765e+01 1.300542e+02 1.445599e+03 5.690095e+01 6.028546e+01
130 2.154938e-01 1.938567e+01 1.367987e+01 1.302302e+02 1.449006e+03 5.698149e+01 6.059657e+01
131 2.170287e-01 1.950931e+01 1.366690e+01 1.303958e+02 1.452545e+03 5.706180e+01 6.067463e+01
132 2.185612e-01 1.963257e+01 1.365377e+01 1.305578e+02 1.456031e+03 5.714189e+01 6.075245e+01
133 2.200913e-01 1.975544e+01 1.364015e+01 1.307343e+02 1.459537e+03 5.722175e+01 6.083004e+01
134 2.216189e-01 1.987794e+01 1.362623e+01 1.309016e+02 1.463014e+03 5.730138e+01 6.090739e+01
135 2.231442e-01 2.000005e+01 1.361203e+01 1.310599e+02 1.466486e+03 5.738079e+01 6.098451e+01
136 2.246670e-01 2.012178e+01 1.359757e+01 1.312269e+02 1.469995e+03 5.745997e+01 6.106139e+01
137 2.261874e-01 2.024314e+01 1.358896e+01 1.313871e+02 1.473336e+03 5.753892e+01 6.136956e+01
138 2.277053e-01 2.036411e+01 1.358116e+01 1.315383e+02 1.476789e+03 5.761764e+01 6.144582e+01
139 2.292209e-01 2.048471e+01 1.357299e+01 1.317066e+02 1.480211e+03 5.769614e+01 6.152185e+01
140 2.307340e-01 2.060493e+01 1.356447e+01 1.318896e+02 1.483601e+03 5.777441e+01 6.159763e+01
141 2.322446e-01 2.072478e+01 1.355566e+01 1.320641e+02 1.487002e+03 5.785245e+01 6.167318e+01
142 2.337529e-01 2.084426e+01 1.354654e+01 1.322304e+02 1.490386e+03 5.793026e+01 6.174850e+01
143 2.352586e-01 2.096336e+01 1.353710e+01 1.323975e+02 1.493768e+03 5.800784e+01 6.182358e+01
144 2.367620e-01 2.108209e+01 1.352724e+01 1.325660e+02 1.497146e+03 5.808520e+01 6.189842e+01
145 2.382629e-01 2.120045e+01 1.351728e+01 1.327286e+02 1.500480e+03 5.816233e+01 6.197302e+01
146 2.397613e-01 2.131844e+01 1.350615e+01 1.329089e+02 1.503800e+03 5.823923e+01 6.204739e+01
147 2.412573e-01 2.143606e+01 1.348450e+01 1.330950e+02 1.507151e+03 5.831590e+01 6.212153e+01
148 2.427509e-01 2.155331e+01 1.346262e+01 1.332783e+02 1.510519e+03 5.839234e+01 6.219543e+01
149 2.442420e-01 2.167020e+01 1.344081e+01 1.334540e+02 1.513864e+03 5.846856e+01 6.226909e+01
150 2.457307e-01 2.178672e+01 1.341896e+01 1.336220e+02 1.517197e+03 5.854455e+01 6.234252e+01
151 2.472169e-01 2.190287e+01 1.339698e+01 1.337826e+02 1.520515e+03 5.862031e+01 6.241571e+01
152 2.487006e-01 2.201866e+01 1.337507e+01 1.339413e+02 1.523812e+03 5.869584e+01 6.248866e+01
153 2.501819e-01 2.213409e+01 1.335315e+01 1.341141e+02 1.527108e+03 5.877115e+01 6.256139e+01
154 2.516608e-01 2.224916e+01 1.333127e+01 1.342676e+02 1.530391e+03 5.884623e+01 6.263387e+01
155 2.531372e-01 2.236386e+01 1.330924e+01 1.344070e+02 1.533678e+03 5.892108e+01 6.270613e+01
156 2.546111e-01 2.247821e+01 1.328733e+01 1.345398e+02 1.536948e+03 5.899570e+01 6.277815e+01
157 2.560826e-01 2.259220e+01 1.326549e+01 1.346663e+02 1.540206e+03 5.907009e+01 6.284993e+01
158 2.575516e-01 2.270583e+01 1.324362e+01 1.347864e+02 1.543445e+03 5.914426e+01 6.292148e+01
159 2.590182e-01 2.281910e+01 1.322179e+01 1.349030e+02 1.546657e+03 5.921820e+01 6.299280e+01
160 2.604823e-01 2.293202e+01 1.320398e+01 1.350362e+02 1.550003e+03 5.929192e+01 6.283589e+01
161 2.619440e-01 2.304459e+01 1.318662e+01 1.351637e+02 1.553161e+03 5.936541e+01 6.290690e+01
162 2.634032e-01 2.315680e+01 1.316919e+01 1.352855e+02 1.556316e+03 5.943867e+01 6.297767e+01
163 2.648599e-01 2.326866e+01 1.315173e+01 1.354018e+02 1.559465e+03 5.951170e+01 6.304822e+01
164 2.663142e-01 2.338016e+01 1.313429e+01 1.355125e+02 1.562616e+03 5.958451e+01 6.311854e+01
165 2.677660e-01 2.349132e+01 1.311666e+01 1.356177e+02 1.565780e+03 5.965710e+01 6.318862e+01
166 2.692154e-01 2.360213e+01 1.309907e+01 1.357174e+02 1.568932e+03 5.972945e+01 6.325847e+01
167 2.706623e-01 2.371259e+01 1.308152e+01 1.358305e+02 1.572074e+03 5.980158e+01 6.332810e+01
168 2.721067e-01 2.382270e+01 1.306385e+01 1.359440e+02 1.575203e+03 5.987349e+01 6.339749e+01
169 2.735487e-01 2.393247e+01 1.304616e+01 1.360527e+02 1.578311e+03 5.994517e+01 6.346665e+01
170 2.749883e-01 2.404190e+01 1.302841e+01 1.361565e+02 1.581414e+03 6.001663e+01 6.353558e+01
171 2.764253e-01 2.415098e+01 1.301067e+01 1.362554e+02 1.584484e+03 6.008786e+01 6.360429e+01
172 2.778600e-01 2.425971e+01 1.299289e+01 1.363496e+02 1.587529e+03 6.015887e+01 6.367276e+01
173 2.792922e-01 2.436811e+01 1.297507e+01 1.364389e+02 1.590558e+03 6.022965e+01 6.374101e+01
174 2.807219e-01 2.447616e+01 1.295723e+01 1.365277e+02 1.593563e+03 6.030021e+01 6.380902e+01
175 2.821492e-01 2.458388e+01 1.293117e+01 1.366307e+02 1.596598e+03 6.037055e+01 6.387681e+01
176 2.835740e-01 2.469126e+01 1.290520e+01 1.367294e+02 1.599667e+03 6.044067e+01 6.394437e+01
177 2.849963e-01 2.479830e+01 1.287943e+01 1.368312e+02 1.602773e+03 6.051056e+01 6.401171e+01
178 2.864163e-01 2.490500e+01 1.285366e+01 1.369346e+02 1.605939e+03 6.058023e+01 6.407882e+01
179 2.878337e-01 2.501137e+01 1.282803e+01 1.370337e+02 1.609077e+03 6.064967e+01 6.414570e+01
180 2.892488e-01 2.511741e+01 1.280255e+01 1.371284e+02 1.612193e+03 6.071890e+01 6.421236e+01
181 2.906614e-01 2.522311e+01 1.277718e+01 1.372275e+02 1.615283e+03 6.078790e+01 6.427879e+01
182 2.920715e-01 2.532849e+01 1.275192e+01 1.373335e+02 1.618358e+03 6.085668e+01 6.434500e+01
183 2.934792e-01 2.543353e+01 1.272672e+01 1.374500e+02 1.621418e+03 6.092524e+01 6.441098e+01
184 2.948845e-01 2.553824e+01 1.270164e+01 1.375626e+02 1.624459e+03 6.099359e+01 6.447674e+01
185 2.962873e-01 2.564262e+01 1.267670e+01 1.376815e+02 1.627478e+03 6.106171e+01 6.454227e+01
186 2.976877e-01 2.574668e+01 1.265326e+01 1.377989e+02 1.630311e+03 6.112961e+01 6.483137e+01
187 2.990856e-01 2.585041e+01 1.263290e+01 1.379123e+02 1.633295e+03 6.119729e+01 6.489629e+01
188 3.004811e-01 2.595381e+01 1.261262e+01 1.380216e+02 1.636286e+03 6.126475e+01 6.496099e+01
189 3.018742e-01 2.605689e+01 1.259225e+01 1.381269e+02 1.639291e+03 6.133200e+01 6.502547e+01
190 3.032648e-01 2.615965e+01 1.257193e+01 1.382314e+02 1.642316e+03 6.139903e+01 6.508973e+01
191 3.046531e-01 2.626208e+01 1.255169e+01 1.383493e+02 1.645349e+03 6.146584e+01 6.515377e+01
192 3.060389e-01 2.636420e+01 1.253142e+01 1.384636e+02 1.648369e+03 6.153243e+01 6.521759e+01
193 3.074222e-01 2.646599e+01 1.251412e+01 1.385743e+02 1.651201e+03 6.159880e+01 6.550369e+01
194 3.088032e-01 2.656747e+01 1.249823e+01 1.386814e+02 1.654191e+03 6.166496e+01 6.556690e+01
195 3.101817e-01 2.666863e+01 1.248230e+01 1.387849e+02 1.657171e+03 6.173090e+01 6.562989e+01
196 3.115578e-01 2.676947e+01 1.246637e+01 1.388715e+02 1.660148e+03 6.179663e+01 6.569266e+01
197 3.129315e-01 2.687000e+01 1.245031e+01 1.389517e+02 1.663111e+03 6.186214e+01 6.575522e+01
198 3.143028e-01 2.697021e+01 1.243420e+01 1.390285e+02 1.666068e+03 6.192744e+01 6.581756e+01
199 3.156717e-01 2.707011e+01 1.241907e+01 1.391149e+02 1.668834e+03 6.199252e+01 6.610106e+01
200 3.170381e-01 2.716970e+01 1.240712e+01 1.392044e+02 1.671822e+03 6.205739e+01 6.616280e+01
201 3.184022e-01 2.726898e+01 1.239503e+01 1.392908e+02 1.674829e+03 6.212205e+01 6.622432e+01
202 3.197639e-01 2.736795e+01 1.238298e+01 1.393741e+02 1.677828e+03 6.218649e+01 6.628563e+01
203 3.211231e-01 2.746660e+01 1.237070e+01 1.394543e+02 1.680849e+03 6.225072e+01 6.634672e+01
204 3.224800e-01 2.756496e+01 1.235837e+01 1.395314e+02 1.683843e+03 6.231474e+01 6.640760e+01
205 3.238344e-01 2.766300e+01 1.234586e+01 1.396054e+02 1.686835e+03 6.237855e+01 6.646826e+01
206 3.251865e-01 2.776074e+01 1.233329e+01 1.396763e+02 1.689827e+03 6.244215e+01 6.652872e+01
207 3.265362e-01 2.785817e+01 1.232053e+01 1.397441e+02 1.692816e+03 6.250553e+01 6.658895e+01
208 3.278835e-01 2.795530e+01 1.230772e+01 1.398244e+02 1.695821e+03 6.256871e+01 6.664898e+01
209 3.292284e-01 2.805213e+01 1.229464e+01 1.399046e+02 1.698830e+03 6.263168e+01 6.670880e+01
210 3.305709e-01 2.814866e+01 1.228154e+01 1.399821e+02 1.701810e+03 6.269443e+01 6.676840e+01
211 3.319111e-01 2.824489e+01 1.226824e+01 1.400567e+02 1.704784e+03 6.275698e+01 6.682780e+01
212 3.332488e-01 2.834081e+01 1.225473e+01 1.401286e+02 1.707779e+03 6.281933e+01 6.688698e+01
213 3.345842e-01 2.843644e+01 1.224113e+01 1.401977e+02 1.710755e+03 6.288146e+01 6.694596e+01
214 3.359173e-01 2.853178e+01 1.222741e+01 1.402641e+02 1.713719e+03 6.294339e+01 6.700473e+01
215 3.372479e-01 2.862681e+01 1.221349e+01 1.403276e+02 1.716670e+03 6.300511e+01 6.706329e+01
216 3.385763e-01 2.872156e+01 1.219943e+01 1.403883e+02 1.719636e+03 6.306662e+01 6.712164e+01
217 3.399022e-01 2.881601e+01 1.218525e+01 1.404624e+02 1.722607e+03 6.312793e+01 6.717979e+01
218 3.412258e-01 2.891016e+01 1.217088e+01 1.405455e+02 1.725594e+03 6.318904e+01 6.723773e+01
219 3.425470e-01 2.900403e+01 1.215636e+01 1.406260e+02 1.728573e+03 6.324994e+01 6.729546e+01
220 3.438659e-01 2.909760e+01 1.214169e+01 1.407040e+02 1.731560e+03 6.331064e+01 6.735299e+01
221 3.451825e-01 2.919089e+01 1.212681e+01 1.407895e+02 1.734540e+03 6.337113e+01 6.741032e+01
222 3.464967e-01 2.928388e+01 1.211174e+01 1.408727e+02 1.737516e+03 6.343142e+01 6.746744e+01
223 3.478085e-01 2.937659e+01 1.209659e+01 1.409534e+02 1.740478e+03 6.349151e+01 6.752436e+01
224 3.491180e-01 2.946901e+01 1.208113e+01 1.410364e+02 1.743455e+03 6.355140e+01 6.758108e+01
225 3.504252e-01 2.956115e+01 1.206556e+01 1.411222e+02 1.746435e+03 6.361109e+01 6.763760e+01
226 3.517301e-01 2.965300e+01 1.204976e+01 1.412058e+02 1.749419e+03 6.367057e+01 6.769391e+01
227 3.530326e-01 2.974457e+01 1.203382e+01 1.413023e+02 1.752395e+03 6.372986e+01 6.775003e+01
228 3.543328e-01 2.983586e+01 1.201393e+01 1.413964e+02 1.755386e+03 6.378895e+01 6.780594e+01
229 3.556307e-01 2.992687e+01 1.199111e+01 1.414881e+02 1.758385e+03 6.384784e+01 6.786166e+01
230 3.569263e-01 3.001759e+01 1.196822e+01 1.415666e+02 1.761380e+03 6.390653e+01 6.791718e+01
231 3.582196e-01 3.010804e+01 1.194523e+01 1.416400e+02 1.764404e+03 6.396502e+01 6.797250e+01
232 3.595105e-01 3.019821e+01 1.192216e+01 1.417111e+02 1.767445e+03 6.402331e+01 6.802762e+01
233 3.607992e-01 3.028810e+01 1.189900e+01 1.417798e+02 1.770478e+03 6.408141e+01 6.808255e+01
234 3.620856e-01 3.037772e+01 1.187575e+01 1.418460e+02 1.773507e+03 6.413932e+01 6.813728e+01
235 3.633696e-01 3.046706e+01 1.185240e+01 1.419099e+02 1.776529e+03 6.419703e+01 6.819182e+01
236 3.646514e-01 3.055613e+01 1.182896e+01 1.419713e+02 1.779539e+03 6.425454e+01 6.824616e+01
237 3.659309e-01 3.064493e+01 1.180540e+01 1.420451e+02 1.782557e+03 6.431186e+01 6.830030e+01
238 3.672081e-01 3.073345e+01 1.178173e+01 1.421172e+02 1.785604e+03 6.436898e+01 6.835426e+01
239 3.684830e-01 3.082170e+01 1.175796e+01 1.421870e+02 1.788654e+03 6.442592e+01 6.840802e+01
240 3.697556e-01 3.090969e+01 1.173409e+01 1.422548e+02 1.791699e+03 6.448266e+01 6.846159e+01
241 3.710260e-01 3.099740e+01 1.171012e+01 1.423203e+02 1.794741e+03 6.453920e+01 6.851496e+01
242 3.722941e-01 3.108485e+01 1.168604e+01 1.423837e+02 1.797820e+03 6.459556e+01 6.856815e+01
243 3.735599e-01 3.117203e+01 1.166186e+01 1.424449e+02 1.800897e+03 6.465173e+01 6.862115e+01
244 3.748235e-01 3.125894e+01 1.163756e+01 1.425039e+02 1.803994e+03 6.470770e+01 6.867395e+01
245 3.760848e-01 3.134559e+01 1.161314e+01 1.425607e+02 1.807098e+03 6.476349e+01 6.872657e+01
246 3.773439e-01 3.143198e+01 1.158861e+01 1.426154e+02 1.810200e+03 6.481909e+01 6.877900e+01
247 3.786007e-01 3.151810e+01 1.156396e+01 1.426736e+02 1.813322e+03 6.487450e+01 6.883124e+01
248 3.798553e-01 3.160396e+01 1.153919e+01 1.427382e+02 1.816443e+03 6.492972e+01 6.888330e+01
249 3.811076e-01 3.168956e+01 1.151428e+01 1.428020e+02 1.819576e+03 6.498476e+01 6.893517e+01
250 3.823577e-01 3.177490e+01 1.148924e+01 1.428654e+02 1.822717e+03 6.503960e+01 6.898685e+01
251 3.836056e-01 3.185999e+01 1.146406e+01 1.429203e+02 1.825869e+03 6.509427e+01 6.903835e+01
252 3.848512e-01 3.194481e+01 1.143875e+01 1.429771e+02 1.829028e+03 6.514874e+01 6.908967e+01
253 3.860946e-01 3.202938e+01 1.141329e+01 1.430318e+02 1.832217e+03 6.520304e+01 6.914080e+01
254 3.873358e-01 3.211369e+01 1.138769e+01 1.430855e+02 1.835410e+03 6.525715e+01 6.919175e+01
255 3.885748e-01 3.219775e+01 1.136193e+01 1.431458e+02 1.838602e+03 6.531107e+01 6.924251e+01
256 3.898115e-01 3.228155e+01 1.133918e+01 1.432040e+02 1.841560e+03 6.536481e+01 6.950471e+01
257 3.910461e-01 3.236510e+01 1.131671e+01 1.432619e+02 1.844764e+03 6.541837e+01 6.955495e+01
258 3.922784e-01 3.244840e+01 1.129406e+01 1.433292e+02 1.847992e+03 6.547175e+01 6.960500e+01
259 3.935086e-01 3.253145e+01 1.127121e+01 1.434041e+02 1.851225e+03 6.552495e+01 6.965488e+01
260 3.947366e-01 3.261425e+01 1.124921e+01 1.434772e+02 1.854235e+03 6.557796e+01 6.991540e+01
261 3.959623e-01 3.269679e+01 1.122959e+01 1.435484e+02 1.857511e+03 6.563080e+01 6.996475e+01
262 3.971859e-01 3.277910e+01 1.120972e+01 1.436177e+02 1.860810e+03 6.568345e+01 7.001392e+01
263 3.984073e-01 3.286115e+01 1.118964e+01 1.436851e+02 1.864104e+03 6.573593e+01 7.006292e+01
264 3.996265e-01 3.294296e+01 1.116929e+01 1.437507e+02 1.867406e+03 6.578823e+01 7.011173e+01
265 4.008436e-01 3.302452e+01 1.115191e+01 1.438144e+02 1.870488e+03 6.584036e+01 7.037025e+01
266 4.020585e-01 3.310584e+01 1.113465e+01 1.438762e+02 1.873818e+03 6.589230e+01 7.041855e+01
267 4.032712e-01 3.318691e+01 1.111710e+01 1.439361e+02 1.877151e+03 6.594407e+01 7.046668e+01
268 4.044818e-01 3.326775e+01 1.109926e+01 1.439941e+02 1.880507e+03 6.599566e+01 7.051463e+01
269 4.056902e-01 3.334834e+01 1.107611e+01 1.440503e+02 1.883912e+03 6.604708e+01 7.056240e+01
270 4.068965e-01 3.342869e+01 1.105230e+01 1.441108e+02 1.887321e+03 6.609833e+01 7.061001e+01
271 4.081006e-01 3.350880e+01 1.102824e+01 1.441755e+02 1.890736e+03 6.614940e+01 7.065744e+01
272 4.093025e-01 3.358867e+01 1.100394e+01 1.442384e+02 1.894179e+03 6.620029e+01 7.070471e+01
273 4.105024e-01 3.366831e+01 1.097938e+01 1.442996e+02 1.897622e+03 6.625102e+01 7.075180e+01
274 4.117001e-01 3.374771e+01 1.095456e+01 1.443589e+02 1.901070e+03 6.630157e+01 7.079872e+01
275 4.128957e-01 3.382687e+01 1.092947e+01 1.444165e+02 1.904575e+03 6.635195e+01 7.084548e+01
276 4.140891e-01 3.390579e+01 1.090412e+01 1.444722e+02 1.908084e+03 6.640216e+01 7.089206e+01
277 4.152804e-01 3.398449e+01 1.087930e+01 1.445261e+02 1.911869e+03 6.645220e+01 7.073061e+01
278 4.164697e-01 3.406295e+01 1.085485e+01 1.445782e+02 1.915406e+03 6.650207e+01 7.077702e+01
279 4.176568e-01 3.414118e+01 1.083008e+01 1.446204e+02 1.918954e+03 6.655177e+01 7.082328e+01
280 4.188418e-01 3.421917e+01 1.080497e+01 1.446595e+02 1.922510e+03 6.660130e+01 7.086936e+01
281 4.200247e-01 3.429694e+01 1.077954e+01 1.447121e+02 1.926067e+03 6.665066e+01 7.091528e+01
282 4.212055e-01 3.437448e+01 1.075377e+01 1.447636e+02 1.929626e+03 6.669986e+01 7.096103e+01
283 4.223842e-01 3.445178e+01 1.072765e+01 1.448140e+02 1.933185e+03 6.674889e+01 7.100662e+01
284 4.235608e-01 3.452887e+01 1.070120e+01 1.448653e+02 1.936748e+03 6.679775e+01 7.105205e+01
285 4.247354e-01 3.460572e+01 1.067440e+01 1.449225e+02 1.940319e+03 6.684645e+01 7.109731e+01
286 4.259078e-01 3.468235e+01 1.064723e+01 1.449785e+02 1.943887e+03 6.689499e+01 7.114241e+01
287 4.270782e-01 3.475875e+01 1.061972e+01 1.450410e+02 1.947467e+03 6.694335e+01 7.118735e+01
288 4.282466e-01 3.483493e+01 1.059186e+01 1.451038e+02 1.951047e+03 6.699156e+01 7.123213e+01
289 4.294128e-01 3.491088e+01 1.056365e+01 1.451698e+02 1.954653e+03 6.703960e+01 7.127675e+01
290 4.305770e-01 3.498662e+01 1.053506e+01 1.452392e+02 1.958272e+03 6.708748e+01 7.132121e+01
291 4.317392e-01 3.506213e+01 1.050610e+01 1.453075e+02 1.961905e+03 6.713520e+01 7.136551e+01
