# it strain shortening ε_f δT D θ θc
1 0.000000e+00 0.000000e+00 1.195905e+00 1.316468e+00 5.322622e+03 4.269307e+01 0.000000e+00
2 1.770244e-03 1.768678e-01 1.231208e+00 2.571482e+00 5.194022e+03 4.332175e+01 0.000000e+00
3 3.539646e-03 3.533389e-01 1.263623e+00 3.827082e+00 5.045454e+03 4.378452e+01 0.000000e+00
4 5.308184e-03 5.294120e-01 1.297464e+00 5.059611e+00 4.899741e+03 4.415562e+01 0.000000e+00
5 7.075837e-03 7.050863e-01 1.333378e+00 6.271485e+00 4.749922e+03 4.447785e+01 0.000000e+00
6 8.842586e-03 8.803605e-01 1.371157e+00 7.459967e+00 4.606457e+03 4.480176e+01 0.000000e+00
7 1.060841e-02 1.055234e+00 1.410400e+00 8.619244e+00 4.472514e+03 4.504965e+01 0.000000e+00
8 1.237328e-02 1.229705e+00 1.453431e+00 9.764691e+00 4.333140e+03 4.532763e+01 0.000000e+00
9 1.413719e-02 1.403773e+00 1.497189e+00 1.087049e+01 4.201785e+03 4.554487e+01 0.000000e+00
10 1.590012e-02 1.577438e+00 1.544075e+00 1.195282e+01 4.069261e+03 4.578591e+01 0.000000e+00
11 1.766203e-02 1.750697e+00 1.591660e+00 1.299480e+01 3.940908e+03 4.601236e+01 0.000000e+00
12 1.942292e-02 1.923551e+00 1.640541e+00 1.399309e+01 3.826287e+03 4.618414e+01 0.000000e+00
13 2.118276e-02 2.095998e+00 1.739451e+00 1.542367e+01 3.579413e+03 4.750466e+01 0.000000e+00
14 2.294153e-02 2.268037e+00 1.838976e+00 1.680574e+01 3.405357e+03 4.831088e+01 0.000000e+00
15 2.469921e-02 2.439668e+00 1.920894e+00 1.795175e+01 3.254552e+03 4.883746e+01 0.000000e+00
16 2.645579e-02 2.610890e+00 1.996752e+00 1.897233e+01 3.121543e+03 4.915715e+01 0.000000e+00
17 2.821124e-02 2.781702e+00 2.059876e+00 1.996471e+01 3.067031e+03 4.914438e+01 0.000000e+00
18 2.996555e-02 2.952103e+00 2.670006e+00 2.613685e+01 2.361021e+03 4.424827e+01 0.000000e+00
19 3.171869e-02 3.122092e+00 2.860534e+00 2.814489e+01 2.245791e+03 4.452021e+01 0.000000e+00
20 3.347064e-02 3.291670e+00 2.995126e+00 2.962570e+01 2.165327e+03 4.429398e+01 0.000000e+00
21 3.522139e-02 3.460834e+00 3.179119e+00 3.132983e+01 2.080540e+03 4.429688e+01 0.000000e+00
22 3.697092e-02 3.629584e+00 3.365165e+00 3.303260e+01 2.026145e+03 4.447622e+01 0.000000e+00
23 3.871921e-02 3.797920e+00 3.500284e+00 3.424291e+01 1.955233e+03 4.475143e+01 0.000000e+00
24 4.046623e-02 3.965841e+00 3.673765e+00 3.565812e+01 1.901008e+03 4.482124e+01 0.000000e+00
25 4.221198e-02 4.133346e+00 3.879779e+00 3.717136e+01 1.849595e+03 4.498557e+01 0.000000e+00
26 4.395643e-02 4.300435e+00 4.111225e+00 3.872203e+01 1.801386e+03 4.495617e+01 0.000000e+00
27 4.569957e-02 4.467107e+00 4.276172e+00 3.982680e+01 1.753860e+03 4.512346e+01 0.000000e+00
28 4.744137e-02 4.633362e+00 4.446742e+00 4.092476e+01 1.710628e+03 4.538616e+01 0.000000e+00
29 4.918182e-02 4.799198e+00 4.621074e+00 4.226476e+01 1.675880e+03 4.555452e+01 0.000000e+00
30 5.092090e-02 4.964616e+00 4.802498e+00 4.358402e+01 1.644091e+03 4.569480e+01 0.000000e+00
31 5.265859e-02 5.129615e+00 5.022057e+00 4.481334e+01 1.608170e+03 4.574787e+01 0.000000e+00
32 5.439488e-02 5.294194e+00 5.215141e+00 4.613000e+01 1.580368e+03 4.587571e+01 0.000000e+00
33 5.612975e-02 5.458354e+00 5.404232e+00 4.747199e+01 1.553395e+03 4.602840e+01 0.000000e+00
34 5.786317e-02 5.622093e+00 5.626163e+00 4.879864e+01 1.523782e+03 4.639881e+01 0.000000e+00
35 5.959514e-02 5.785411e+00 5.828331e+00 5.014147e+01 1.500216e+03 4.659049e+01 0.000000e+00
36 6.132563e-02 5.948307e+00 6.031999e+00 5.146895e+01 1.478392e+03 4.670616e+01 0.000000e+00
37 6.305464e-02 6.110782e+00 6.293398e+00 5.261006e+01 1.449997e+03 4.680464e+01 0.000000e+00
38 6.478213e-02 6.272835e+00 6.499997e+00 5.385664e+01 1.429389e+03 4.690701e+01 0.000000e+00
39 6.650810e-02 6.434466e+00 6.696189e+00 5.519022e+01 1.412325e+03 4.685890e+01 0.000000e+00
40 6.823253e-02 6.595674e+00 6.899475e+00 5.649371e+01 1.394937e+03 4.700848e+01 0.000000e+00
41 6.995540e-02 6.756459e+00 7.115045e+00 5.767659e+01 1.376662e+03 4.735953e+01 0.000000e+00
42 7.167669e-02 6.916821e+00 7.330111e+00 5.892805e+01 1.359025e+03 4.750984e+01 0.000000e+00
43 7.339640e-02 7.076759e+00 7.547502e+00 6.015043e+01 1.341697e+03 4.767462e+01 0.000000e+00
44 7.511450e-02 7.236274e+00 7.765932e+00 6.141679e+01 1.326306e+03 4.786878e+01 0.000000e+00
45 7.683098e-02 7.395364e+00 8.022212e+00 6.310426e+01 1.314235e+03 4.818231e+01 0.000000e+00
46 7.854582e-02 7.554030e+00 8.273578e+00 6.448729e+01 1.298671e+03 4.826324e+01 0.000000e+00
47 8.025901e-02 7.712272e+00 8.515142e+00 6.574335e+01 1.283400e+03 4.836074e+01 0.000000e+00
48 8.197054e-02 7.870090e+00 8.759015e+00 6.702151e+01 1.270012e+03 4.848458e+01 0.000000e+00
49 8.368038e-02 8.027482e+00 8.991502e+00 6.822201e+01 1.257998e+03 4.858180e+01 0.000000e+00
50 8.538852e-02 8.184450e+00 9.353950e+00 7.008119e+01 1.247291e+03 4.872341e+01 0.000000e+00
51 8.709494e-02 8.340993e+00 9.594870e+00 7.136670e+01 1.237211e+03 4.889688e+01 0.000000e+00
52 8.879964e-02 8.497111e+00 9.510897e+00 7.201159e+01 1.230682e+03 4.890649e+01 0.000000e+00
53 9.050260e-02 8.652804e+00 9.711981e+00 7.315057e+01 1.223502e+03 4.907951e+01 0.000000e+00
54 9.220380e-02 8.808072e+00 9.729058e+00 7.408501e+01 1.223879e+03 4.929492e+01 0.000000e+00
55 9.390323e-02 8.962915e+00 9.904864e+00 7.516188e+01 1.218372e+03 4.940113e+01 0.000000e+00
56 9.560088e-02 9.117332e+00 1.010022e+01 7.645082e+01 1.217780e+03 4.938656e+01 0.000000e+00
57 9.729672e-02 9.271325e+00 1.026465e+01 7.752316e+01 1.213501e+03 4.949015e+01 0.000000e+00
58 9.899076e-02 9.424892e+00 1.061608e+01 7.917265e+01 1.209065e+03 4.962174e+01 0.000000e+00
59 1.006830e-01 9.578034e+00 1.094232e+01 8.082427e+01 1.204173e+03 4.969225e+01 0.000000e+00
60 1.023733e-01 9.730752e+00 1.102713e+01 8.164222e+01 1.201503e+03 4.970527e+01 0.000000e+00
61 1.040618e-01 9.883044e+00 1.086003e+01 8.206830e+01 1.202980e+03 4.983713e+01 0.000000e+00
62 1.057485e-01 1.003491e+01 1.095299e+01 8.298305e+01 1.203570e+03 4.988634e+01 0.000000e+00
63 1.074333e-01 1.018635e+01 1.098783e+01 8.376954e+01 1.208237e+03 4.999774e+01 0.000000e+00
64 1.091161e-01 1.033737e+01 1.120810e+01 8.486589e+01 1.208639e+03 5.019885e+01 0.000000e+00
65 1.107971e-01 1.048797e+01 1.134389e+01 8.579991e+01 1.208581e+03 5.023083e+01 0.000000e+00
66 1.124762e-01 1.063814e+01 1.168807e+01 8.724607e+01 1.206068e+03 5.039473e+01 0.000000e+00
67 1.141533e-01 1.078788e+01 1.186334e+01 8.834276e+01 1.204871e+03 5.058627e+01 0.000000e+00
68 1.158285e-01 1.093720e+01 1.196444e+01 8.914793e+01 1.206647e+03 5.072015e+01 0.000000e+00
69 1.175017e-01 1.108610e+01 1.171670e+01 8.958114e+01 1.212293e+03 5.092360e+01 0.000000e+00
70 1.191730e-01 1.123458e+01 1.164090e+01 9.009324e+01 1.219890e+03 5.103368e+01 0.000000e+00
71 1.208423e-01 1.138263e+01 1.178225e+01 9.087145e+01 1.223070e+03 5.108657e+01 0.000000e+00
72 1.225096e-01 1.153026e+01 1.213928e+01 9.215745e+01 1.220786e+03 5.110945e+01 0.000000e+00
73 1.241749e-01 1.167746e+01 1.238017e+01 9.315915e+01 1.220828e+03 5.123955e+01 0.000000e+00
74 1.258382e-01 1.182425e+01 1.206953e+01 9.353927e+01 1.226067e+03 5.134364e+01 0.000000e+00
75 1.274994e-01 1.197061e+01 1.195981e+01 9.395545e+01 1.234895e+03 5.137242e+01 0.000000e+00
76 1.291587e-01 1.211655e+01 1.209330e+01 9.466853e+01 1.237884e+03 5.153238e+01 0.000000e+00
77 1.308158e-01 1.226207e+01 1.214545e+01 9.539155e+01 1.241294e+03 5.163585e+01 0.000000e+00
78 1.324710e-01 1.240716e+01 1.249145e+01 9.646560e+01 1.239341e+03 5.173724e+01 0.000000e+00
79 1.341240e-01 1.255184e+01 1.268985e+01 9.723377e+01 1.240386e+03 5.187596e+01 0.000000e+00
80 1.357750e-01 1.269610e+01 1.238826e+01 9.762542e+01 1.245992e+03 5.201441e+01 0.000000e+00
81 1.374239e-01 1.283994e+01 1.240118e+01 9.818689e+01 1.250923e+03 5.213460e+01 0.000000e+00
82 1.390707e-01 1.298335e+01 1.228499e+01 9.870677e+01 1.259643e+03 5.223479e+01 0.000000e+00
83 1.407154e-01 1.312635e+01 1.238820e+01 9.934101e+01 1.262005e+03 5.237457e+01 0.000000e+00
84 1.423580e-01 1.326893e+01 1.266502e+01 1.001359e+02 1.261124e+03 5.245461e+01 0.000000e+00
85 1.439985e-01 1.341110e+01 1.277095e+01 1.007095e+02 1.263942e+03 5.247254e+01 0.000000e+00
86 1.456368e-01 1.355284e+01 1.293769e+01 1.012463e+02 1.265533e+03 5.261965e+01 0.000000e+00
87 1.472730e-01 1.369417e+01 1.261677e+01 1.016328e+02 1.272630e+03 5.267756e+01 0.000000e+00
88 1.489070e-01 1.383508e+01 1.249538e+01 1.022068e+02 1.279784e+03 5.280150e+01 0.000000e+00
89 1.505389e-01 1.397557e+01 1.251335e+01 1.027403e+02 1.284187e+03 5.292208e+01 0.000000e+00
90 1.521686e-01 1.411565e+01 1.259702e+01 1.033981e+02 1.286112e+03 5.301833e+01 0.000000e+00
91 1.537961e-01 1.425532e+01 1.289283e+01 1.038975e+02 1.284636e+03 5.310835e+01 0.000000e+00
92 1.554215e-01 1.439457e+01 1.290685e+01 1.043323e+02 1.288487e+03 5.324901e+01 0.000000e+00
93 1.570446e-01 1.453341e+01 1.314723e+01 1.046459e+02 1.289418e+03 5.335992e+01 0.000000e+00
94 1.586655e-01 1.467183e+01 1.282227e+01 1.050780e+02 1.295588e+03 5.349641e+01 0.000000e+00
95 1.602843e-01 1.480984e+01 1.281758e+01 1.055012e+02 1.300071e+03 5.357546e+01 0.000000e+00
96 1.619007e-01 1.494744e+01 1.268024e+01 1.061241e+02 1.307302e+03 5.372674e+01 0.000000e+00
97 1.635150e-01 1.508463e+01 1.271414e+01 1.067521e+02 1.309960e+03 5.382330e+01 0.000000e+00
98 1.651271e-01 1.522140e+01 1.273557e+01 1.071940e+02 1.313287e+03 5.392185e+01 0.000000e+00
99 1.667369e-01 1.535777e+01 1.295452e+01 1.075856e+02 1.311550e+03 5.405463e+01 0.000000e+00
100 1.683444e-01 1.549373e+01 1.295503e+01 1.079969e+02 1.315045e+03 5.417802e+01 0.000000e+00
101 1.699497e-01 1.562927e+01 1.325443e+01 1.080445e+02 1.314986e+03 5.427670e+01 0.000000e+00
102 1.715527e-01 1.576441e+01 1.326434e+01 1.083923e+02 1.318474e+03 5.440766e+01 0.000000e+00
103 1.731535e-01 1.589914e+01 1.300240e+01 1.087141e+02 1.325818e+03 5.451648e+01 0.000000e+00
104 1.747519e-01 1.603347e+01 1.300096e+01 1.090325e+02 1.329627e+03 5.457621e+01 0.000000e+00
105 1.763481e-01 1.616739e+01 1.279491e+01 1.096429e+02 1.336687e+03 5.467984e+01 0.000000e+00
106 1.779420e-01 1.630090e+01 1.279179e+01 1.103464e+02 1.339142e+03 5.475550e+01 0.000000e+00
107 1.795336e-01 1.643401e+01 1.279586e+01 1.106991e+02 1.342304e+03 5.487454e+01 0.000000e+00
108 1.811229e-01 1.656672e+01 1.298661e+01 1.111984e+02 1.349100e+03 5.509749e+01 0.000000e+00
109 1.827099e-01 1.669902e+01 1.297324e+01 1.115234e+02 1.352450e+03 5.537812e+01 0.000000e+00
110 1.842946e-01 1.683092e+01 1.297544e+01 1.118908e+02 1.355454e+03 5.547273e+01 0.000000e+00
111 1.858769e-01 1.696242e+01 1.296157e+01 1.122533e+02 1.358656e+03 5.566800e+01 0.000000e+00
112 1.874569e-01 1.709352e+01 1.295084e+01 1.126315e+02 1.361837e+03 5.580925e+01 0.000000e+00
113 1.890346e-01 1.722421e+01 1.294057e+01 1.130114e+02 1.364989e+03 5.590187e+01 0.000000e+00
114 1.906100e-01 1.735451e+01 1.290185e+01 1.133562e+02 1.368272e+03 5.614350e+01 0.000000e+00
115 1.921830e-01 1.748441e+01 1.287010e+01 1.136789e+02 1.371484e+03 5.631618e+01 0.000000e+00
116 1.937536e-01 1.761392e+01 1.287141e+01 1.140088e+02 1.374784e+03 5.639236e+01 0.000000e+00
117 1.953219e-01 1.774302e+01 1.284090e+01 1.143161e+02 1.378033e+03 5.652346e+01 0.000000e+00
118 1.968879e-01 1.787173e+01 1.281401e+01 1.146278e+02 1.381311e+03 5.668383e+01 0.000000e+00
119 1.984515e-01 1.800004e+01 1.278634e+01 1.149133e+02 1.385436e+03 5.681012e+01 0.000000e+00
120 2.000127e-01 1.812796e+01 1.278394e+01 1.152283e+02 1.388785e+03 5.690016e+01 0.000000e+00
121 2.015715e-01 1.825549e+01 1.277399e+01 1.155154e+02 1.392050e+03 5.699051e+01 0.000000e+00
122 2.031280e-01 1.838262e+01 1.276598e+01 1.157944e+02 1.395253e+03 5.708528e+01 0.000000e+00
123 2.046821e-01 1.850937e+01 1.274760e+01 1.160496e+02 1.398515e+03 5.717021e+01 0.000000e+00
124 2.062338e-01 1.863572e+01 1.273656e+01 1.163367e+02 1.401701e+03 5.723989e+01 0.000000e+00
125 2.077831e-01 1.876168e+01 1.270706e+01 1.165647e+02 1.406102e+03 5.738739e+01 0.000000e+00
126 2.093301e-01 1.888725e+01 1.267355e+01 1.167323e+02 1.409497e+03 5.756954e+01 0.000000e+00
127 2.108746e-01 1.901244e+01 1.265697e+01 1.169555e+02 1.413898e+03 5.768190e+01 0.000000e+00
128 2.124167e-01 1.913723e+01 1.264729e+01 1.172010e+02 1.417130e+03 5.774009e+01 0.000000e+00
129 2.139564e-01 1.926165e+01 1.264273e+01 1.174587e+02 1.419134e+03 5.781018e+01 0.000000e+00
130 2.154938e-01 1.938567e+01 1.262996e+01 1.177050e+02 1.422296e+03 5.789865e+01 0.000000e+00
131 2.170287e-01 1.950931e+01 1.263141e+01 1.180022e+02 1.425207e+03 5.798307e+01 0.000000e+00
132 2.185612e-01 1.963257e+01 1.261062e+01 1.181996e+02 1.428499e+03 5.805585e+01 0.000000e+00
133 2.200913e-01 1.975544e+01 1.261026e+01 1.184696e+02 1.431354e+03 5.811132e+01 0.000000e+00
134 2.216189e-01 1.987794e+01 1.261006e+01 1.187286e+02 1.434179e+03 5.819246e+01 0.000000e+00
135 2.231442e-01 2.000005e+01 1.260859e+01 1.189665e+02 1.437018e+03 5.828487e+01 0.000000e+00
136 2.246670e-01 2.012178e+01 1.258814e+01 1.191311e+02 1.440288e+03 5.840079e+01 0.000000e+00
137 2.261874e-01 2.024314e+01 1.258023e+01 1.193621e+02 1.443309e+03 5.848383e+01 0.000000e+00
138 2.277053e-01 2.036411e+01 1.255769e+01 1.195243e+02 1.447881e+03 5.859382e+01 0.000000e+00
139 2.292209e-01 2.048471e+01 1.254691e+01 1.197221e+02 1.450958e+03 5.867950e+01 0.000000e+00
140 2.307340e-01 2.060493e+01 1.253390e+01 1.198990e+02 1.454072e+03 5.876826e+01 0.000000e+00
141 2.322446e-01 2.072478e+01 1.252510e+01 1.200727e+02 1.457092e+03 5.885547e+01 0.000000e+00
142 2.337529e-01 2.084426e+01 1.250528e+01 1.202147e+02 1.460408e+03 5.894868e+01 0.000000e+00
143 2.352586e-01 2.096336e+01 1.248767e+01 1.203619e+02 1.463664e+03 5.905389e+01 0.000000e+00
144 2.367620e-01 2.108209e+01 1.247146e+01 1.205159e+02 1.466880e+03 5.914687e+01 0.000000e+00
145 2.382629e-01 2.120045e+01 1.244820e+01 1.206214e+02 1.471794e+03 5.926377e+01 0.000000e+00
146 2.397613e-01 2.131844e+01 1.243721e+01 1.207841e+02 1.474883e+03 5.933971e+01 0.000000e+00
147 2.412573e-01 2.143606e+01 1.242129e+01 1.209117e+02 1.478120e+03 5.942999e+01 0.000000e+00
148 2.427509e-01 2.155331e+01 1.240718e+01 1.210450e+02 1.481285e+03 5.948674e+01 0.000000e+00
149 2.442420e-01 2.167020e+01 1.239891e+01 1.211545e+02 1.484407e+03 5.956282e+01 0.000000e+00
150 2.457307e-01 2.178672e+01 1.239297e+01 1.212769e+02 1.487482e+03 5.961200e+01 0.000000e+00
151 2.472169e-01 2.190287e+01 1.237378e+01 1.214153e+02 1.492377e+03 5.969158e+01 0.000000e+00
152 2.487006e-01 2.201866e+01 1.235870e+01 1.215496e+02 1.495699e+03 5.977053e+01 0.000000e+00
153 2.501819e-01 2.213409e+01 1.233316e+01 1.217032e+02 1.501002e+03 5.991311e+01 0.000000e+00
154 2.516608e-01 2.224916e+01 1.232310e+01 1.218295e+02 1.504191e+03 5.997096e+01 0.000000e+00
155 2.531372e-01 2.236386e+01 1.230943e+01 1.219655e+02 1.507538e+03 6.005567e+01 0.000000e+00
156 2.546111e-01 2.247821e+01 1.229662e+01 1.220948e+02 1.510822e+03 6.013729e+01 0.000000e+00
157 2.560826e-01 2.259220e+01 1.228772e+01 1.222113e+02 1.514059e+03 6.019606e+01 0.000000e+00
158 2.575516e-01 2.270583e+01 1.227328e+01 1.223689e+02 1.519279e+03 6.025677e+01 0.000000e+00
159 2.590182e-01 2.281910e+01 1.226228e+01 1.225331e+02 1.522602e+03 6.036112e+01 0.000000e+00
160 2.604823e-01 2.293202e+01 1.225141e+01 1.226711e+02 1.525919e+03 6.042733e+01 0.000000e+00
161 2.619440e-01 2.304459e+01 1.224067e+01 1.228071e+02 1.529222e+03 6.049087e+01 0.000000e+00
162 2.634032e-01 2.315680e+01 1.222351e+01 1.229478e+02 1.532585e+03 6.055867e+01 0.000000e+00
163 2.648599e-01 2.326866e+01 1.221537e+01 1.230988e+02 1.535919e+03 6.062844e+01 0.000000e+00
164 2.663142e-01 2.338016e+01 1.220205e+01 1.232300e+02 1.539265e+03 6.069962e+01 0.000000e+00
165 2.677660e-01 2.349132e+01 1.218764e+01 1.233657e+02 1.542639e+03 6.075635e+01 0.000000e+00
166 2.692154e-01 2.360213e+01 1.216075e+01 1.234931e+02 1.544149e+03 6.081024e+01 0.000000e+00
167 2.706623e-01 2.371259e+01 1.214439e+01 1.236334e+02 1.547529e+03 6.088797e+01 0.000000e+00
168 2.721067e-01 2.382270e+01 1.212547e+01 1.237710e+02 1.550888e+03 6.097398e+01 0.000000e+00
169 2.735487e-01 2.393247e+01 1.208718e+01 1.238792e+02 1.552703e+03 6.102308e+01 0.000000e+00
170 2.749883e-01 2.404190e+01 1.202350e+01 1.239701e+02 1.555486e+03 6.104341e+01 0.000000e+00
171 2.764253e-01 2.415098e+01 1.199651e+01 1.240900e+02 1.559040e+03 6.110151e+01 0.000000e+00
172 2.778600e-01 2.425971e+01 1.195483e+01 1.241965e+02 1.561346e+03 6.115553e+01 0.000000e+00
173 2.792922e-01 2.436811e+01 1.193172e+01 1.243360e+02 1.566636e+03 6.122483e+01 0.000000e+00
174 2.807219e-01 2.447616e+01 1.190527e+01 1.244683e+02 1.570215e+03 6.129684e+01 0.000000e+00
175 2.821492e-01 2.458388e+01 1.186333e+01 1.245918e+02 1.574692e+03 6.135930e+01 0.000000e+00
176 2.835740e-01 2.469126e+01 1.182934e+01 1.247137e+02 1.578876e+03 6.140206e+01 0.000000e+00
177 2.849963e-01 2.479830e+01 1.179936e+01 1.248319e+02 1.582843e+03 6.145277e+01 0.000000e+00
178 2.864163e-01 2.490500e+01 1.177281e+01 1.249456e+02 1.586599e+03 6.152072e+01 0.000000e+00
179 2.878337e-01 2.501137e+01 1.175228e+01 1.250527e+02 1.589863e+03 6.159150e+01 0.000000e+00
180 2.892488e-01 2.511741e+01 1.171851e+01 1.251573e+02 1.594245e+03 6.162811e+01 0.000000e+00
181 2.906614e-01 2.522311e+01 1.168393e+01 1.252829e+02 1.598765e+03 6.167627e+01 0.000000e+00
182 2.920715e-01 2.532849e+01 1.166218e+01 1.254010e+02 1.602113e+03 6.172709e+01 0.000000e+00
183 2.934792e-01 2.543353e+01 1.163666e+01 1.255172e+02 1.608199e+03 6.178431e+01 0.000000e+00
184 2.948845e-01 2.553824e+01 1.160590e+01 1.256328e+02 1.612501e+03 6.183720e+01 0.000000e+00
185 2.962873e-01 2.564262e+01 1.158705e+01 1.257352e+02 1.615859e+03 6.189986e+01 0.000000e+00
186 2.976877e-01 2.574668e+01 1.155190e+01 1.258471e+02 1.620612e+03 6.194065e+01 0.000000e+00
187 2.990856e-01 2.585041e+01 1.153582e+01 1.259358e+02 1.623673e+03 6.199910e+01 0.000000e+00
188 3.004811e-01 2.595381e+01 1.151272e+01 1.260263e+02 1.627356e+03 6.206339e+01 0.000000e+00
189 3.018742e-01 2.605689e+01 1.148559e+01 1.261248e+02 1.633937e+03 6.210686e+01 0.000000e+00
190 3.032648e-01 2.615965e+01 1.146518e+01 1.262232e+02 1.637586e+03 6.216453e+01 0.000000e+00
191 3.046531e-01 2.626208e+01 1.143700e+01 1.263271e+02 1.641862e+03 6.222214e+01 0.000000e+00
192 3.060389e-01 2.636420e+01 1.140179e+01 1.264390e+02 1.646709e+03 6.226484e+01 0.000000e+00
193 3.074222e-01 2.646599e+01 1.138285e+01 1.265230e+02 1.650213e+03 6.231839e+01 0.000000e+00
194 3.088032e-01 2.656747e+01 1.134940e+01 1.266282e+02 1.654938e+03 6.235007e+01 0.000000e+00
195 3.101817e-01 2.666863e+01 1.133012e+01 1.267035e+02 1.658438e+03 6.241495e+01 0.000000e+00
196 3.115578e-01 2.676947e+01 1.130439e+01 1.267876e+02 1.662474e+03 6.245955e+01 0.000000e+00
197 3.129315e-01 2.687000e+01 1.126983e+01 1.268901e+02 1.667289e+03 6.245804e+01 0.000000e+00
198 3.143028e-01 2.697021e+01 1.124283e+01 1.269875e+02 1.671416e+03 6.250800e+01 0.000000e+00
199 3.156717e-01 2.707011e+01 1.122436e+01 1.270670e+02 1.674756e+03 6.255690e+01 0.000000e+00
200 3.170381e-01 2.716970e+01 1.119713e+01 1.271684e+02 1.678868e+03 6.260872e+01 0.000000e+00
201 3.184022e-01 2.726898e+01 1.117646e+01 1.272529e+02 1.682347e+03 6.265062e+01 0.000000e+00
202 3.197639e-01 2.736795e+01 1.114136e+01 1.273757e+02 1.687124e+03 6.267562e+01 0.000000e+00
203 3.211231e-01 2.746660e+01 1.110138e+01 1.275178e+02 1.692124e+03 6.270354e+01 0.000000e+00
204 3.224800e-01 2.756496e+01 1.107996e+01 1.275978e+02 1.695695e+03 6.275304e+01 0.000000e+00
205 3.238344e-01 2.766300e+01 1.104130e+01 1.277580e+02 1.697447e+03 6.276210e+01 0.000000e+00
206 3.251865e-01 2.776074e+01 1.101566e+01 1.278586e+02 1.701126e+03 6.276994e+01 0.000000e+00
207 3.265362e-01 2.785817e+01 1.099103e+01 1.279601e+02 1.704704e+03 6.281103e+01 0.000000e+00
208 3.278835e-01 2.795530e+01 1.096665e+01 1.280651e+02 1.708224e+03 6.285303e+01 0.000000e+00
209 3.292284e-01 2.805213e+01 1.094421e+01 1.281494e+02 1.711647e+03 6.290714e+01 0.000000e+00
210 3.305709e-01 2.814866e+01 1.091914e+01 1.282594e+02 1.715137e+03 6.292885e+01 0.000000e+00
211 3.319111e-01 2.824489e+01 1.089472e+01 1.283183e+02 1.718563e+03 6.293005e+01 0.000000e+00
212 3.332488e-01 2.834081e+01 1.087054e+01 1.283745e+02 1.721934e+03 6.295443e+01 0.000000e+00
213 3.345842e-01 2.843644e+01 1.084745e+01 1.284346e+02 1.725309e+03 6.298514e+01 0.000000e+00
214 3.359173e-01 2.853178e+01 1.082455e+01 1.284933e+02 1.728693e+03 6.300706e+01 0.000000e+00
215 3.372479e-01 2.862681e+01 1.080157e+01 1.285486e+02 1.732063e+03 6.305040e+01 0.000000e+00
216 3.385763e-01 2.872156e+01 1.077880e+01 1.285987e+02 1.735409e+03 6.308518e+01 0.000000e+00
217 3.399022e-01 2.881601e+01 1.075565e+01 1.286658e+02 1.738800e+03 6.314434e+01 0.000000e+00
218 3.412258e-01 2.891016e+01 1.073192e+01 1.287348e+02 1.742224e+03 6.318800e+01 0.000000e+00
219 3.425470e-01 2.900403e+01 1.070861e+01 1.288000e+02 1.748963e+03 6.321906e+01 0.000000e+00
220 3.438659e-01 2.909760e+01 1.068610e+01 1.288635e+02 1.752411e+03 6.327527e+01 0.000000e+00
221 3.451825e-01 2.919089e+01 1.066320e+01 1.289284e+02 1.755895e+03 6.331222e+01 0.000000e+00
222 3.464967e-01 2.928388e+01 1.064115e+01 1.289899e+02 1.756255e+03 6.331986e+01 0.000000e+00
223 3.478085e-01 2.937659e+01 1.061791e+01 1.290515e+02 1.759833e+03 6.333957e+01 0.000000e+00
224 3.491180e-01 2.946901e+01 1.059446e+01 1.291133e+02 1.766640e+03 6.337794e+01 0.000000e+00
225 3.504252e-01 2.956115e+01 1.057768e+01 1.291404e+02 1.762905e+03 6.340901e+01 0.000000e+00
226 3.517301e-01 2.965300e+01 1.055274e+01 1.292048e+02 1.766458e+03 6.344226e+01 0.000000e+00
227 3.530326e-01 2.974457e+01 1.053033e+01 1.292725e+02 1.770130e+03 6.348170e+01 0.000000e+00
228 3.543328e-01 2.983586e+01 1.050314e+01 1.293574e+02 1.773643e+03 6.351420e+01 0.000000e+00
229 3.556307e-01 2.992687e+01 1.047351e+01 1.294419e+02 1.777072e+03 6.357532e+01 0.000000e+00
230 3.569263e-01 3.001759e+01 1.045690e+01 1.295063e+02 1.781254e+03 6.357518e+01 0.000000e+00
231 3.582196e-01 3.010804e+01 1.042451e+01 1.295763e+02 1.785587e+03 6.360559e+01 0.000000e+00
232 3.595105e-01 3.019821e+01 1.038442e+01 1.296482e+02 1.786592e+03 6.362948e+01 0.000000e+00
233 3.607992e-01 3.028810e+01 1.029062e+01 1.297039e+02 1.788186e+03 6.364657e+01 0.000000e+00
234 3.620856e-01 3.037772e+01 1.025483e+01 1.297813e+02 1.792995e+03 6.367430e+01 0.000000e+00
235 3.633696e-01 3.046706e+01 1.022236e+01 1.298530e+02 1.796120e+03 6.372922e+01 0.000000e+00
236 3.646514e-01 3.055613e+01 1.018708e+01 1.299258e+02 1.800985e+03 6.376005e+01 0.000000e+00
237 3.659309e-01 3.064493e+01 1.015299e+01 1.299939e+02 1.805137e+03 6.380029e+01 0.000000e+00
238 3.672081e-01 3.073345e+01 1.012069e+01 1.300688e+02 1.810836e+03 6.385049e+01 0.000000e+00
239 3.684830e-01 3.082170e+01 1.008528e+01 1.301536e+02 1.813104e+03 6.386866e+01 0.000000e+00
240 3.697556e-01 3.090969e+01 1.005272e+01 1.302297e+02 1.819534e+03 6.389967e+01 0.000000e+00
241 3.710260e-01 3.099740e+01 1.001883e+01 1.303070e+02 1.823902e+03 6.390621e+01 0.000000e+00
242 3.722941e-01 3.108485e+01 9.985265e+00 1.303815e+02 1.828185e+03 6.394027e+01 0.000000e+00
243 3.735599e-01 3.117203e+01 9.950631e+00 1.304607e+02 1.833118e+03 6.394225e+01 0.000000e+00
244 3.748235e-01 3.125894e+01 9.917760e+00 1.305291e+02 1.837191e+03 6.397002e+01 0.000000e+00
245 3.760848e-01 3.134559e+01 9.884660e+00 1.305970e+02 1.841397e+03 6.398571e+01 0.000000e+00
246 3.773439e-01 3.143198e+01 9.851804e+00 1.306603e+02 1.845384e+03 6.403433e+01 0.000000e+00
247 3.786007e-01 3.151810e+01 9.819585e+00 1.307070e+02 1.848650e+03 6.408492e+01 0.000000e+00
248 3.798553e-01 3.160396e+01 9.786360e+00 1.307700e+02 1.853002e+03 6.411685e+01 0.000000e+00
249 3.811076e-01 3.168956e+01 9.754044e+00 1.308242e+02 1.859492e+03 6.415877e+01 0.000000e+00
250 3.823577e-01 3.177490e+01 9.722861e+00 1.308802e+02 1.863064e+03 6.420977e+01 0.000000e+00
251 3.836056e-01 3.185999e+01 9.711535e+00 1.309507e+02 1.862365e+03 6.422997e+01 0.000000e+00
252 3.848512e-01 3.194481e+01 9.675814e+00 1.310158e+02 1.866063e+03 6.426309e+01 0.000000e+00
253 3.860946e-01 3.202938e+01 9.642501e+00 1.310716e+02 1.869768e+03 6.428995e+01 0.000000e+00
254 3.873358e-01 3.211369e+01 9.605624e+00 1.311314e+02 1.873506e+03 6.430402e+01 0.000000e+00
255 3.885748e-01 3.219775e+01 9.571052e+00 1.311852e+02 1.879271e+03 6.434142e+01 0.000000e+00
256 3.898115e-01 3.228155e+01 9.547417e+00 1.312153e+02 1.880848e+03 6.434879e+01 0.000000e+00
257 3.910461e-01 3.236510e+01 9.522332e+00 1.312500e+02 1.884381e+03 6.434852e+01 0.000000e+00
258 3.922784e-01 3.244840e+01 9.487135e+00 1.312951e+02 1.888044e+03 6.438490e+01 0.000000e+00
259 3.935086e-01 3.253145e+01 9.465616e+00 1.313216e+02 1.891411e+03 6.437216e+01 0.000000e+00
260 3.947366e-01 3.261425e+01 9.496320e+00 1.313117e+02 1.894106e+03 6.440135e+01 0.000000e+00
261 3.959623e-01 3.269679e+01 9.466839e+00 1.313612e+02 1.898025e+03 6.443267e+01 0.000000e+00
262 3.971859e-01 3.277910e+01 9.448900e+00 1.314153e+02 1.902432e+03 6.444623e+01 0.000000e+00
263 3.984073e-01 3.286115e+01 9.415671e+00 1.314745e+02 1.906291e+03 6.447228e+01 0.000000e+00
264 3.996265e-01 3.294296e+01 9.384936e+00 1.315301e+02 1.910549e+03 6.448275e+01 0.000000e+00
265 4.008436e-01 3.302452e+01 9.317746e+00 1.315829e+02 1.920118e+03 6.449949e+01 0.000000e+00
266 4.020585e-01 3.310584e+01 9.284493e+00 1.316413e+02 1.923808e+03 6.453575e+01 0.000000e+00
267 4.032712e-01 3.318691e+01 9.246232e+00 1.316999e+02 1.928490e+03 6.455268e+01 0.000000e+00
268 4.044818e-01 3.326775e+01 9.209521e+00 1.317562e+02 1.932923e+03 6.456275e+01 0.000000e+00
269 4.056902e-01 3.334834e+01 9.154341e+00 1.318391e+02 1.941009e+03 6.459796e+01 0.000000e+00
270 4.068965e-01 3.342869e+01 9.098282e+00 1.319081e+02 1.947007e+03 6.458153e+01 0.000000e+00
271 4.081006e-01 3.350880e+01 9.066222e+00 1.319296e+02 1.950603e+03 6.458619e+01 0.000000e+00
272 4.093025e-01 3.358867e+01 9.034723e+00 1.319511e+02 1.954008e+03 6.461347e+01 0.000000e+00
273 4.105024e-01 3.366831e+01 9.004333e+00 1.319735e+02 1.957392e+03 6.465350e+01 0.000000e+00
274 4.117001e-01 3.374771e+01 8.972494e+00 1.319965e+02 1.960793e+03 6.467293e+01 0.000000e+00
275 4.128957e-01 3.382687e+01 8.940626e+00 1.320276e+02 1.964257e+03 6.466106e+01 0.000000e+00
276 4.140891e-01 3.390579e+01 8.909702e+00 1.320582e+02 1.967799e+03 6.469185e+01 0.000000e+00
277 4.152804e-01 3.398449e+01 8.878323e+00 1.320897e+02 1.971227e+03 6.469989e+01 0.000000e+00
278 4.164697e-01 3.406295e+01 8.847045e+00 1.321198e+02 1.974628e+03 6.468280e+01 0.000000e+00
279 4.176568e-01 3.414118e+01 8.816299e+00 1.321496e+02 1.978029e+03 6.466678e+01 0.000000e+00
280 4.188418e-01 3.421917e+01 8.786082e+00 1.321809e+02 1.981540e+03 6.469492e+01 0.000000e+00
281 4.200247e-01 3.429694e+01 8.756873e+00 1.322123e+02 1.983468e+03 6.469573e+01 0.000000e+00
282 4.212055e-01 3.437448e+01 8.730137e+00 1.322456e+02 1.987333e+03 6.469383e+01 0.000000e+00
283 4.223842e-01 3.445178e+01 8.698776e+00 1.322734e+02 1.991013e+03 6.472339e+01 0.000000e+00
284 4.235608e-01 3.452887e+01 8.667537e+00 1.323041e+02 1.993908e+03 6.474015e+01 0.000000e+00
285 4.247354e-01 3.460572e+01 8.634125e+00 1.323326e+02 1.997776e+03 6.477200e+01 0.000000e+00
286 4.259078e-01 3.468235e+01 8.598690e+00 1.323628e+02 2.001617e+03 6.477718e+01 0.000000e+00
287 4.270782e-01 3.475875e+01 8.562799e+00 1.323928e+02 2.006131e+03 6.477684e+01 0.000000e+00
288 4.282466e-01 3.483493e+01 8.524574e+00 1.324290e+02 2.010564e+03 6.479382e+01 0.000000e+00
289 4.294128e-01 3.491088e+01 8.487753e+00 1.324726e+02 2.014972e+03 6.482102e+01 0.000000e+00
290 4.305770e-01 3.498662e+01 8.448213e+00 1.325161e+02 2.021001e+03 6.479578e+01 0.000000e+00
291 4.317392e-01 3.506213e+01 8.410746e+00 1.325597e+02 2.024462e+03 6.483145e+01 0.000000e+00
