# it strain shortening ε_f δT D θ θc
1 0.000000e+00 0.000000e+00 1.510743e+00 2.726479e-02 3.944669e+03 4.500000e+01 4.521430e+01
2 1.770244e-03 1.768678e-01 1.513851e+00 5.521486e-02 3.978553e+03 4.510143e+01 4.531573e+01
3 3.539646e-03 3.533389e-01 1.513500e+00 8.358898e-02 3.987269e+03 4.520281e+01 4.541711e+01
4 5.308184e-03 5.294120e-01 1.513130e+00 1.123710e-01 3.996333e+03 4.530413e+01 4.551843e+01
5 7.075837e-03 7.050863e-01 1.512748e+00 1.415453e-01 4.005869e+03 4.540540e+01 4.561969e+01
6 8.842586e-03 8.803605e-01 1.512354e+00 1.710958e-01 4.015437e+03 4.550662e+01 4.572090e+01
7 1.060841e-02 1.055234e+00 1.511950e+00 2.010052e-01 4.010609e+03 4.560777e+01 4.539349e+01
8 1.237328e-02 1.229705e+00 1.511550e+00 2.312510e-01 4.019313e+03 4.570886e+01 4.549459e+01
9 1.413719e-02 1.403773e+00 1.511139e+00 2.618230e-01 4.028481e+03 4.580989e+01 4.559563e+01
10 1.590012e-02 1.577438e+00 1.510714e+00 2.927057e-01 4.037722e+03 4.591086e+01 4.569661e+01
11 1.766203e-02 1.750697e+00 1.510277e+00 3.238934e-01 4.047231e+03 4.601175e+01 4.579751e+01
12 1.942292e-02 1.923551e+00 1.509827e+00 3.553639e-01 4.057282e+03 4.611257e+01 4.589835e+01
13 2.118276e-02 2.095998e+00 1.509363e+00 3.871001e-01 4.067829e+03 4.621332e+01 4.599911e+01
14 2.294153e-02 2.268037e+00 1.508885e+00 4.190866e-01 4.078292e+03 4.631399e+01 4.609980e+01
15 2.469921e-02 2.439668e+00 1.508393e+00 4.512910e-01 4.088948e+03 4.641459e+01 4.620041e+01
16 2.645579e-02 2.610890e+00 1.507886e+00 4.837128e-01 4.100199e+03 4.651510e+01 4.630094e+01
17 2.821124e-02 2.781702e+00 1.507364e+00 5.163372e-01 4.111941e+03 4.661553e+01 4.640140e+01
18 2.996555e-02 2.952103e+00 1.506828e+00 5.491496e-01 4.123934e+03 4.671587e+01 4.650176e+01
19 3.171869e-02 3.122092e+00 1.506276e+00 5.821357e-01 4.136437e+03 4.681613e+01 4.660204e+01
20 3.347064e-02 3.291670e+00 1.505710e+00 6.152816e-01 4.148763e+03 4.691630e+01 4.670223e+01
21 3.522139e-02 3.460834e+00 1.505141e+00 6.485638e-01 4.159938e+03 4.701637e+01 4.680233e+01
22 3.697092e-02 3.629584e+00 1.504565e+00 6.819396e-01 4.169933e+03 4.711635e+01 4.690234e+01
23 3.871921e-02 3.797920e+00 1.503988e+00 7.153710e-01 4.178649e+03 4.721623e+01 4.700225e+01
24 4.046623e-02 3.965841e+00 1.503281e+00 7.488716e-01 4.193769e+03 4.731602e+01 4.710206e+01
25 4.221198e-02 4.133346e+00 1.502488e+00 7.824783e-01 4.211782e+03 4.741570e+01 4.720178e+01
26 4.395643e-02 4.300435e+00 1.501628e+00 8.161627e-01 4.231167e+03 4.751528e+01 4.730139e+01
27 4.569957e-02 4.467107e+00 1.500730e+00 8.498682e-01 4.251460e+03 4.761475e+01 4.740090e+01
28 4.744137e-02 4.633362e+00 1.499807e+00 8.835621e-01 4.272264e+03 4.771412e+01 4.750030e+01
29 4.918182e-02 4.799198e+00 1.498874e+00 9.172158e-01 4.293296e+03 4.781338e+01 4.759959e+01
30 5.092090e-02 4.964616e+00 1.497917e+00 9.508093e-01 4.315259e+03 4.791252e+01 4.769877e+01
31 5.265859e-02 5.129615e+00 1.496955e+00 9.843305e-01 4.337860e+03 4.801155e+01 4.779784e+01
32 5.439488e-02 5.294194e+00 1.495984e+00 1.017770e+00 4.361153e+03 4.811047e+01 4.789680e+01
33 5.612975e-02 5.458354e+00 1.495018e+00 1.051109e+00 4.384316e+03 4.820926e+01 4.799563e+01
34 5.786317e-02 5.622093e+00 1.494046e+00 1.084332e+00 4.407865e+03 4.830794e+01 4.809435e+01
35 5.959514e-02 5.785411e+00 1.493067e+00 1.117421e+00 4.431690e+03 4.840649e+01 4.819295e+01
36 6.132563e-02 5.948307e+00 1.492076e+00 1.150361e+00 4.455926e+03 4.850492e+01 4.829142e+01
37 6.305464e-02 6.110782e+00 1.491066e+00 1.183137e+00 4.480072e+03 4.860323e+01 4.838977e+01
38 6.478213e-02 6.272835e+00 1.490030e+00 1.215732e+00 4.504583e+03 4.870140e+01 4.848799e+01
39 6.650810e-02 6.434466e+00 1.488983e+00 1.248132e+00 4.529140e+03 4.879945e+01 4.858609e+01
40 6.823253e-02 6.595674e+00 1.487946e+00 1.280295e+00 4.552462e+03 4.889736e+01 4.868405e+01
41 6.995540e-02 6.756459e+00 1.486921e+00 1.312183e+00 4.574125e+03 4.899514e+01 4.878188e+01
42 7.167669e-02 6.916821e+00 1.485885e+00 1.343783e+00 4.595367e+03 4.909278e+01 4.887957e+01
43 7.339640e-02 7.076759e+00 1.484843e+00 1.375085e+00 4.616544e+03 4.919028e+01 4.897713e+01
44 7.511450e-02 7.236274e+00 1.483793e+00 1.406075e+00 4.636477e+03 4.928765e+01 4.907454e+01
45 7.683098e-02 7.395364e+00 1.482720e+00 1.436750e+00 4.656811e+03 4.938487e+01 4.917182e+01
46 7.854582e-02 7.554030e+00 1.481619e+00 1.467124e+00 4.678460e+03 4.948195e+01 4.926896e+01
47 8.025901e-02 7.712272e+00 1.480504e+00 1.497180e+00 4.699945e+03 4.957888e+01 4.936595e+01
48 8.197054e-02 7.870090e+00 1.479374e+00 1.526906e+00 4.721091e+03 4.967567e+01 4.946279e+01
49 8.368038e-02 8.027482e+00 1.478173e+00 1.556290e+00 4.744636e+03 4.977231e+01 4.955949e+01
50 8.538852e-02 8.184450e+00 1.476916e+00 1.585324e+00 4.770130e+03 4.986879e+01 4.965604e+01
51 8.709494e-02 8.340993e+00 1.475637e+00 1.613997e+00 4.795722e+03 4.996513e+01 4.975244e+01
52 8.879964e-02 8.497111e+00 1.474361e+00 1.642265e+00 4.820385e+03 5.006131e+01 4.984868e+01
53 9.050260e-02 8.652804e+00 1.473061e+00 1.670107e+00 4.846264e+03 5.015733e+01 4.994477e+01
54 9.220380e-02 8.808072e+00 1.471761e+00 1.697502e+00 4.872271e+03 5.025320e+01 5.004070e+01
55 9.390323e-02 8.962915e+00 1.470445e+00 1.724428e+00 4.899017e+03 5.034891e+01 5.013647e+01
56 9.560088e-02 9.117332e+00 1.469082e+00 1.750870e+00 4.927181e+03 5.044445e+01 5.023209e+01
57 9.729672e-02 9.271325e+00 1.467707e+00 1.776818e+00 4.956038e+03 5.053984e+01 5.032754e+01
58 9.899076e-02 9.424892e+00 1.466280e+00 1.802273e+00 4.988291e+03 5.063506e+01 5.042283e+01
59 1.006830e-01 9.578034e+00 1.464796e+00 1.827260e+00 5.024419e+03 5.073011e+01 5.051796e+01
60 1.023733e-01 9.730752e+00 1.463271e+00 1.851801e+00 5.061835e+03 5.082500e+01 5.061292e+01
61 1.040618e-01 9.883044e+00 1.461777e+00 1.875864e+00 5.097965e+03 5.091972e+01 5.070771e+01
62 1.057485e-01 1.003491e+01 1.460283e+00 1.899442e+00 5.134127e+03 5.101427e+01 5.080233e+01
63 1.074333e-01 1.018635e+01 1.458832e+00 1.922530e+00 5.169420e+03 5.110865e+01 5.089679e+01
64 1.091161e-01 1.033737e+01 1.457384e+00 1.945128e+00 5.204692e+03 5.120285e+01 5.099107e+01
65 1.107971e-01 1.048797e+01 1.455937e+00 1.967242e+00 5.240437e+03 5.129688e+01 5.108517e+01
66 1.124762e-01 1.063814e+01 1.454507e+00 1.988869e+00 5.272763e+03 5.139074e+01 5.117910e+01
67 1.141533e-01 1.078788e+01 1.453100e+00 2.010006e+00 5.303882e+03 5.148441e+01 5.127286e+01
68 1.158285e-01 1.093720e+01 1.451708e+00 2.030681e+00 5.335076e+03 5.157791e+01 5.136644e+01
69 1.175017e-01 1.108610e+01 1.450312e+00 2.050886e+00 5.366149e+03 5.167123e+01 5.145984e+01
70 1.191730e-01 1.123458e+01 1.448859e+00 2.070615e+00 5.399391e+03 5.176436e+01 5.155305e+01
71 1.208423e-01 1.138263e+01 1.447360e+00 2.089866e+00 5.434031e+03 5.185732e+01 5.164609e+01
72 1.225096e-01 1.153026e+01 1.445847e+00 2.108641e+00 5.469529e+03 5.195008e+01 5.173894e+01
73 1.241749e-01 1.167746e+01 1.444339e+00 2.126942e+00 5.505430e+03 5.204267e+01 5.183161e+01
74 1.258382e-01 1.182425e+01 1.442826e+00 2.144770e+00 5.541525e+03 5.213506e+01 5.192409e+01
75 1.274994e-01 1.197061e+01 1.441305e+00 2.162126e+00 5.577038e+03 5.222727e+01 5.201639e+01
76 1.291587e-01 1.211655e+01 1.439781e+00 2.179014e+00 5.612602e+03 5.231929e+01 5.210850e+01
77 1.308158e-01 1.226207e+01 1.438218e+00 2.195433e+00 5.650718e+03 5.241112e+01 5.220041e+01
78 1.324710e-01 1.240716e+01 1.436652e+00 2.211385e+00 5.689687e+03 5.250276e+01 5.229214e+01
79 1.341240e-01 1.255184e+01 1.435067e+00 2.226869e+00 5.730698e+03 5.259420e+01 5.238368e+01
80 1.357750e-01 1.269610e+01 1.433448e+00 2.241877e+00 5.771930e+03 5.268545e+01 5.247502e+01
81 1.374239e-01 1.283994e+01 1.431840e+00 2.256396e+00 5.813145e+03 5.277651e+01 5.256617e+01
82 1.390707e-01 1.298335e+01 1.430234e+00 2.270417e+00 5.854568e+03 5.286737e+01 5.265712e+01
83 1.407154e-01 1.312635e+01 1.428618e+00 2.283934e+00 5.896773e+03 5.295803e+01 5.274788e+01
84 1.423580e-01 1.326893e+01 1.427008e+00 2.296938e+00 5.940097e+03 5.304850e+01 5.283844e+01
85 1.439985e-01 1.341110e+01 1.425397e+00 2.309437e+00 5.983121e+03 5.313876e+01 5.292880e+01
86 1.456368e-01 1.355284e+01 1.423776e+00 2.321457e+00 6.027468e+03 5.322883e+01 5.301896e+01
87 1.472730e-01 1.369417e+01 1.422145e+00 2.333046e+00 6.074332e+03 5.331869e+01 5.310892e+01
88 1.489070e-01 1.383508e+01 1.420508e+00 2.344211e+00 6.121489e+03 5.340835e+01 5.319868e+01
89 1.505389e-01 1.397557e+01 1.418872e+00 2.354957e+00 6.169062e+03 5.349781e+01 5.328824e+01
90 1.521686e-01 1.411565e+01 1.417257e+00 2.365264e+00 6.213852e+03 5.358707e+01 5.337759e+01
91 1.537961e-01 1.425532e+01 1.415675e+00 2.375133e+00 6.254318e+03 5.367612e+01 5.346675e+01
92 1.554215e-01 1.439457e+01 1.414104e+00 2.384649e+00 6.293206e+03 5.376496e+01 5.355569e+01
93 1.570446e-01 1.453341e+01 1.412546e+00 2.393771e+00 6.331158e+03 5.385360e+01 5.364443e+01
94 1.586655e-01 1.467183e+01 1.410987e+00 2.402368e+00 6.369108e+03 5.394202e+01 5.373296e+01
95 1.602843e-01 1.480984e+01 1.409431e+00 2.410543e+00 6.405785e+03 5.403024e+01 5.382129e+01
96 1.619007e-01 1.494744e+01 1.407881e+00 2.418327e+00 6.440529e+03 5.411826e+01 5.390940e+01
97 1.635150e-01 1.508463e+01 1.406394e+00 2.425721e+00 6.472272e+03 5.420606e+01 5.399731e+01
98 1.651271e-01 1.522140e+01 1.404903e+00 2.432730e+00 6.503745e+03 5.429365e+01 5.408501e+01
99 1.667369e-01 1.535777e+01 1.403393e+00 2.439355e+00 6.536795e+03 5.438102e+01 5.417249e+01
100 1.683444e-01 1.549373e+01 1.401875e+00 2.445416e+00 6.568876e+03 5.446819e+01 5.425977e+01
101 1.699497e-01 1.562927e+01 1.400367e+00 2.451103e+00 6.599469e+03 5.455514e+01 5.434683e+01
102 1.715527e-01 1.576441e+01 1.398871e+00 2.456420e+00 6.628795e+03 5.464188e+01 5.443368e+01
103 1.731535e-01 1.589914e+01 1.397404e+00 2.461370e+00 6.656199e+03 5.472841e+01 5.452031e+01
104 1.747519e-01 1.603347e+01 1.395944e+00 2.465961e+00 6.682736e+03 5.481472e+01 5.460673e+01
105 1.763481e-01 1.616739e+01 1.394484e+00 2.470197e+00 6.708529e+03 5.490081e+01 5.469294e+01
106 1.779420e-01 1.630090e+01 1.393013e+00 2.474082e+00 6.734359e+03 5.498669e+01 5.477893e+01
107 1.795336e-01 1.643401e+01 1.391543e+00 2.477620e+00 6.758687e+03 5.507235e+01 5.486470e+01
108 1.811229e-01 1.656672e+01 1.390075e+00 2.480906e+00 6.782525e+03 5.515779e+01 5.495026e+01
109 1.827099e-01 1.669902e+01 1.388630e+00 2.483878e+00 6.805737e+03 5.524301e+01 5.503560e+01
110 1.842946e-01 1.683092e+01 1.387189e+00 2.486394e+00 6.828258e+03 5.532802e+01 5.512072e+01
111 1.858769e-01 1.696242e+01 1.385735e+00 2.488579e+00 6.851088e+03 5.541281e+01 5.520562e+01
112 1.874569e-01 1.709352e+01 1.384278e+00 2.490433e+00 6.871997e+03 5.549737e+01 5.529030e+01
113 1.890346e-01 1.722421e+01 1.382828e+00 2.491957e+00 6.891849e+03 5.558172e+01 5.537477e+01
114 1.906100e-01 1.735451e+01 1.381361e+00 2.493147e+00 6.914691e+03 5.566584e+01 5.545901e+01
115 1.921830e-01 1.748441e+01 1.379871e+00 2.494047e+00 6.941943e+03 5.574975e+01 5.554303e+01
116 1.937536e-01 1.761392e+01 1.378391e+00 2.494669e+00 6.968469e+03 5.583343e+01 5.562684e+01
117 1.953219e-01 1.774302e+01 1.376934e+00 2.495018e+00 6.992608e+03 5.591689e+01 5.571042e+01
118 1.968879e-01 1.787173e+01 1.375489e+00 2.495098e+00 7.015195e+03 5.600013e+01 5.579377e+01
119 1.984515e-01 1.800004e+01 1.374057e+00 2.494915e+00 7.034856e+03 5.608314e+01 5.587691e+01
120 2.000127e-01 1.812796e+01 1.372628e+00 2.494469e+00 7.054217e+03 5.616593e+01 5.595982e+01
121 2.015715e-01 1.825549e+01 1.371203e+00 2.507547e+00 7.071929e+03 5.624850e+01 5.604251e+01
122 2.031280e-01 1.838262e+01 1.369783e+00 2.533803e+00 7.088026e+03 5.633084e+01 5.612498e+01
123 2.046821e-01 1.850937e+01 1.368384e+00 2.559795e+00 7.102250e+03 5.641296e+01 5.620722e+01
124 2.062338e-01 1.863572e+01 1.366991e+00 2.585527e+00 7.115544e+03 5.649486e+01 5.628924e+01
125 2.077831e-01 1.876168e+01 1.365604e+00 2.610998e+00 7.127462e+03 5.657653e+01 5.637104e+01
126 2.093301e-01 1.888725e+01 1.364226e+00 2.636208e+00 7.138649e+03 5.665797e+01 5.645260e+01
127 2.108746e-01 1.901244e+01 1.362855e+00 2.661155e+00 7.149116e+03 5.673919e+01 5.653395e+01
128 2.124167e-01 1.913723e+01 1.361486e+00 2.685838e+00 7.158527e+03 5.682018e+01 5.661507e+01
129 2.139564e-01 1.926165e+01 1.360120e+00 2.710260e+00 7.167809e+03 5.690095e+01 5.669596e+01
130 2.154938e-01 1.938567e+01 1.358772e+00 2.734418e+00 7.175917e+03 5.698149e+01 5.677663e+01
131 2.170287e-01 1.950931e+01 1.357387e+00 2.758313e+00 7.188999e+03 5.706180e+01 5.685707e+01
132 2.185612e-01 1.963257e+01 1.355978e+00 2.781944e+00 7.205914e+03 5.714189e+01 5.693729e+01
133 2.200913e-01 1.975544e+01 1.354556e+00 2.805311e+00 7.223326e+03 5.722175e+01 5.701728e+01
134 2.216189e-01 1.987794e+01 1.353137e+00 2.828416e+00 7.239753e+03 5.730138e+01 5.709704e+01
135 2.231442e-01 2.000005e+01 1.351705e+00 2.851256e+00 7.257984e+03 5.738079e+01 5.717657e+01
136 2.246670e-01 2.012178e+01 1.350273e+00 2.873832e+00 7.278005e+03 5.745997e+01 5.725588e+01
137 2.261874e-01 2.024314e+01 1.348842e+00 2.896145e+00 7.298069e+03 5.753892e+01 5.733497e+01
138 2.277053e-01 2.036411e+01 1.347416e+00 2.918193e+00 7.318554e+03 5.761764e+01 5.741382e+01
139 2.292209e-01 2.048471e+01 1.346010e+00 2.939978e+00 7.338761e+03 5.769614e+01 5.749245e+01
140 2.307340e-01 2.060493e+01 1.344621e+00 2.961501e+00 7.357148e+03 5.777441e+01 5.757085e+01
141 2.322446e-01 2.072478e+01 1.343266e+00 2.982762e+00 7.374435e+03 5.785245e+01 5.764902e+01
142 2.337529e-01 2.084426e+01 1.341928e+00 3.003761e+00 7.391000e+03 5.793026e+01 5.772697e+01
143 2.352586e-01 2.096336e+01 1.340575e+00 3.024498e+00 7.410451e+03 5.800784e+01 5.780469e+01
144 2.367620e-01 2.108209e+01 1.339230e+00 3.044974e+00 7.430573e+03 5.808520e+01 5.788218e+01
145 2.382629e-01 2.120045e+01 1.337898e+00 3.065190e+00 7.449944e+03 5.816233e+01 5.795944e+01
146 2.397613e-01 2.131844e+01 1.336574e+00 3.085146e+00 7.468321e+03 5.823923e+01 5.803648e+01
147 2.412573e-01 2.143606e+01 1.335264e+00 3.104852e+00 7.487037e+03 5.831590e+01 5.811328e+01
148 2.427509e-01 2.155331e+01 1.333963e+00 3.124302e+00 7.505876e+03 5.839234e+01 5.818986e+01
149 2.442420e-01 2.167020e+01 1.332675e+00 3.143499e+00 7.524682e+03 5.846856e+01 5.826622e+01
150 2.457307e-01 2.178672e+01 1.331391e+00 3.162444e+00 7.543556e+03 5.854455e+01 5.834234e+01
151 2.472169e-01 2.190287e+01 1.330085e+00 3.181141e+00 7.565812e+03 5.862031e+01 5.841824e+01
152 2.487006e-01 2.201866e+01 1.328801e+00 3.199583e+00 7.587002e+03 5.869584e+01 5.849391e+01
153 2.501819e-01 2.213409e+01 1.327531e+00 3.217762e+00 7.607131e+03 5.877115e+01 5.856935e+01
154 2.516608e-01 2.224916e+01 1.326270e+00 3.235680e+00 7.626022e+03 5.884623e+01 5.864457e+01
155 2.531372e-01 2.236386e+01 1.325021e+00 3.253339e+00 7.644524e+03 5.892108e+01 5.871956e+01
156 2.546111e-01 2.247821e+01 1.323753e+00 3.270741e+00 7.664840e+03 5.899570e+01 5.879432e+01
157 2.560826e-01 2.259220e+01 1.322446e+00 3.287885e+00 7.692006e+03 5.907009e+01 5.886885e+01
158 2.575516e-01 2.270583e+01 1.321128e+00 3.304771e+00 7.722891e+03 5.914426e+01 5.894316e+01
159 2.590182e-01 2.281910e+01 1.319815e+00 3.321403e+00 7.753464e+03 5.921820e+01 5.901724e+01
160 2.604823e-01 2.293202e+01 1.318508e+00 3.337783e+00 7.784482e+03 5.929192e+01 5.909110e+01
161 2.619440e-01 2.304459e+01 1.317206e+00 3.353912e+00 7.816623e+03 5.936541e+01 5.916473e+01
162 2.634032e-01 2.315680e+01 1.315905e+00 3.369798e+00 7.850138e+03 5.943867e+01 5.923813e+01
163 2.648599e-01 2.326866e+01 1.314605e+00 3.385442e+00 7.884379e+03 5.951170e+01 5.931131e+01
164 2.663142e-01 2.338016e+01 1.313314e+00 3.400846e+00 7.917543e+03 5.958451e+01 5.938426e+01
165 2.677660e-01 2.349132e+01 1.312024e+00 3.416013e+00 7.950594e+03 5.965710e+01 5.945698e+01
166 2.692154e-01 2.360213e+01 1.310733e+00 3.430946e+00 7.983597e+03 5.972945e+01 5.952948e+01
167 2.706623e-01 2.371259e+01 1.309449e+00 3.445646e+00 8.016210e+03 5.980158e+01 5.960176e+01
168 2.721067e-01 2.382270e+01 1.308171e+00 3.460115e+00 8.047786e+03 5.987349e+01 5.967381e+01
169 2.735487e-01 2.393247e+01 1.306884e+00 3.474355e+00 8.080430e+03 5.994517e+01 5.974563e+01
170 2.749883e-01 2.404190e+01 1.305596e+00 3.488369e+00 8.112810e+03 6.001663e+01 5.981723e+01
171 2.764253e-01 2.415098e+01 1.304307e+00 3.502158e+00 8.145350e+03 6.008786e+01 5.988861e+01
172 2.778600e-01 2.425971e+01 1.303022e+00 3.515724e+00 8.178438e+03 6.015887e+01 5.995976e+01
173 2.792922e-01 2.436811e+01 1.301745e+00 3.529070e+00 8.210553e+03 6.022965e+01 6.003069e+01
174 2.807219e-01 2.447616e+01 1.300475e+00 3.542198e+00 8.242010e+03 6.030021e+01 6.010139e+01
175 2.821492e-01 2.458388e+01 1.299173e+00 3.555109e+00 8.279472e+03 6.037055e+01 6.017187e+01
176 2.835740e-01 2.469126e+01 1.297850e+00 3.567806e+00 8.321370e+03 6.044067e+01 6.024213e+01
177 2.849963e-01 2.479830e+01 1.296523e+00 3.580291e+00 8.365634e+03 6.051056e+01 6.031217e+01
178 2.864163e-01 2.490500e+01 1.295209e+00 3.592565e+00 8.409027e+03 6.058023e+01 6.038198e+01
179 2.878337e-01 2.501137e+01 1.293902e+00 3.604631e+00 8.451645e+03 6.064967e+01 6.045158e+01
180 2.892488e-01 2.511741e+01 1.292603e+00 3.616491e+00 8.493095e+03 6.071890e+01 6.052095e+01
181 2.906614e-01 2.522311e+01 1.291286e+00 3.628146e+00 8.537012e+03 6.078790e+01 6.059010e+01
182 2.920715e-01 2.532849e+01 1.289953e+00 3.639600e+00 8.585339e+03 6.085668e+01 6.065903e+01
183 2.934792e-01 2.543353e+01 1.288623e+00 3.650854e+00 8.633731e+03 6.092524e+01 6.072773e+01
184 2.948845e-01 2.553824e+01 1.287300e+00 3.661909e+00 8.680464e+03 6.099359e+01 6.079622e+01
185 2.962873e-01 2.564262e+01 1.285992e+00 3.672769e+00 8.726847e+03 6.106171e+01 6.086449e+01
186 2.976877e-01 2.574668e+01 1.284696e+00 3.683438e+00 8.773054e+03 6.112961e+01 6.093254e+01
187 2.990856e-01 2.585041e+01 1.283418e+00 3.693762e+00 8.818400e+03 6.119729e+01 6.100037e+01
188 3.004811e-01 2.595381e+01 1.282150e+00 3.704056e+00 8.862281e+03 6.126475e+01 6.106798e+01
189 3.018742e-01 2.605689e+01 1.280891e+00 3.714164e+00 8.904792e+03 6.133200e+01 6.113537e+01
190 3.032648e-01 2.615965e+01 1.279643e+00 3.724088e+00 8.946121e+03 6.139903e+01 6.120255e+01
191 3.046531e-01 2.626208e+01 1.278402e+00 3.733831e+00 8.985084e+03 6.146584e+01 6.126950e+01
192 3.060389e-01 2.636420e+01 1.277180e+00 3.743394e+00 9.019029e+03 6.153243e+01 6.133624e+01
193 3.074222e-01 2.646599e+01 1.275962e+00 3.752776e+00 9.052477e+03 6.159880e+01 6.140277e+01
194 3.088032e-01 2.656747e+01 1.274756e+00 3.761978e+00 9.084624e+03 6.166496e+01 6.146907e+01
195 3.101817e-01 2.666863e+01 1.273560e+00 3.771004e+00 9.115246e+03 6.173090e+01 6.153516e+01
196 3.115578e-01 2.676947e+01 1.272381e+00 3.779854e+00 9.142350e+03 6.179663e+01 6.160104e+01
197 3.129315e-01 2.687000e+01 1.271220e+00 3.788529e+00 9.164549e+03 6.186214e+01 6.166670e+01
198 3.143028e-01 2.697021e+01 1.270075e+00 3.797033e+00 9.181893e+03 6.192744e+01 6.173215e+01
199 3.156717e-01 2.707011e+01 1.268936e+00 3.805368e+00 9.196872e+03 6.199252e+01 6.179738e+01
200 3.170381e-01 2.716970e+01 1.267809e+00 3.813256e+00 9.209521e+03 6.205739e+01 6.186240e+01
201 3.184022e-01 2.726898e+01 1.266696e+00 3.821201e+00 9.219492e+03 6.212205e+01 6.192720e+01
202 3.197639e-01 2.736795e+01 1.265569e+00 3.829040e+00 9.231697e+03 6.218649e+01 6.199180e+01
203 3.211231e-01 2.746660e+01 1.264452e+00 3.836718e+00 9.241750e+03 6.225072e+01 6.205618e+01
204 3.224800e-01 2.756496e+01 1.263342e+00 3.844236e+00 9.250883e+03 6.231474e+01 6.212035e+01
205 3.238344e-01 2.766300e+01 1.262239e+00 3.851597e+00 9.258408e+03 6.237855e+01 6.218430e+01
206 3.251865e-01 2.776074e+01 1.261140e+00 3.858801e+00 9.265523e+03 6.244215e+01 6.224805e+01
207 3.265362e-01 2.785817e+01 1.260050e+00 3.865850e+00 9.270197e+03 6.250553e+01 6.231159e+01
208 3.278835e-01 2.795530e+01 1.258967e+00 3.872746e+00 9.273355e+03 6.256871e+01 6.237491e+01
209 3.292284e-01 2.805213e+01 1.257884e+00 3.879490e+00 9.276249e+03 6.263168e+01 6.243803e+01
210 3.305709e-01 2.814866e+01 1.256819e+00 3.886084e+00 7.942426e+03 6.269443e+01 6.288793e+01
211 3.319111e-01 2.824489e+01 1.255765e+00 3.892529e+00 7.942913e+03 6.275698e+01 6.295033e+01
212 3.332488e-01 2.834081e+01 1.254720e+00 3.898829e+00 7.942638e+03 6.281933e+01 6.301252e+01
213 3.345842e-01 2.843644e+01 1.253685e+00 3.904985e+00 7.941615e+03 6.288146e+01 6.307450e+01
214 3.359173e-01 2.853178e+01 1.252658e+00 3.910583e+00 7.939010e+03 6.294339e+01 6.313628e+01
215 3.372479e-01 2.862681e+01 1.251634e+00 3.916472e+00 7.936943e+03 6.300511e+01 6.319785e+01
216 3.385763e-01 2.872156e+01 1.250613e+00 3.922226e+00 7.934768e+03 6.306662e+01 6.325922e+01
217 3.399022e-01 2.881601e+01 1.249592e+00 3.927846e+00 7.932547e+03 6.312793e+01 6.332038e+01
218 3.412258e-01 2.891016e+01 1.248576e+00 3.933334e+00 7.930023e+03 6.318904e+01 6.338133e+01
219 3.425470e-01 2.900403e+01 1.247559e+00 3.938690e+00 7.927615e+03 6.324994e+01 6.344208e+01
220 3.438659e-01 2.909760e+01 1.246548e+00 3.943917e+00 7.924778e+03 6.331064e+01 6.350263e+01
221 3.451825e-01 2.919089e+01 1.245542e+00 3.949016e+00 7.921548e+03 6.337113e+01 6.356297e+01
222 3.464967e-01 2.928388e+01 1.244544e+00 3.953988e+00 7.917333e+03 6.343142e+01 6.362311e+01
223 3.478085e-01 2.937659e+01 1.243564e+00 3.958836e+00 7.912505e+03 6.349151e+01 6.368305e+01
224 3.491180e-01 2.946901e+01 1.242596e+00 3.963560e+00 7.907242e+03 6.355140e+01 6.374279e+01
225 3.504252e-01 2.956115e+01 1.241638e+00 3.968162e+00 7.901587e+03 6.361109e+01 6.380232e+01
226 3.517301e-01 2.965300e+01 1.240687e+00 3.972643e+00 7.895553e+03 6.367057e+01 6.386166e+01
227 3.530326e-01 2.974457e+01 1.239743e+00 3.977005e+00 7.889039e+03 6.372986e+01 6.392079e+01
228 3.543328e-01 2.983586e+01 1.238809e+00 3.981098e+00 7.882511e+03 6.378895e+01 6.397973e+01
229 3.556307e-01 2.992687e+01 1.237883e+00 3.985011e+00 7.875178e+03 6.384784e+01 6.403847e+01
230 3.569263e-01 3.001759e+01 1.236964e+00 3.989042e+00 7.867765e+03 6.390653e+01 6.409700e+01
231 3.582196e-01 3.010804e+01 1.236056e+00 3.992960e+00 7.860024e+03 6.396502e+01 6.415535e+01
232 3.595105e-01 3.019821e+01 1.235156e+00 3.996766e+00 7.851425e+03 6.402331e+01 6.421349e+01
233 3.607992e-01 3.028810e+01 1.234248e+00 4.000462e+00 7.843358e+03 6.408141e+01 6.427144e+01
234 3.620856e-01 3.037772e+01 1.233346e+00 4.004050e+00 7.835102e+03 6.413932e+01 6.432919e+01
235 3.633696e-01 3.046706e+01 1.232454e+00 4.007530e+00 7.826816e+03 6.419703e+01 6.438675e+01
236 3.646514e-01 3.055613e+01 1.231579e+00 4.010904e+00 7.817252e+03 6.425454e+01 6.444411e+01
237 3.659309e-01 3.064493e+01 1.230721e+00 4.014173e+00 7.806324e+03 6.431186e+01 6.450128e+01
238 3.672081e-01 3.073345e+01 1.229870e+00 4.017338e+00 7.795308e+03 6.436898e+01 6.455825e+01
239 3.684830e-01 3.082170e+01 1.229020e+00 4.020402e+00 7.785981e+03 6.442592e+01 6.461503e+01
240 3.697556e-01 3.090969e+01 1.228168e+00 4.023366e+00 7.777387e+03 6.448266e+01 6.467162e+01
241 3.710260e-01 3.099740e+01 1.227327e+00 4.026230e+00 7.768749e+03 6.453920e+01 6.472802e+01
242 3.722941e-01 3.108485e+01 1.226500e+00 4.028997e+00 7.759076e+03 6.459556e+01 6.478423e+01
243 3.735599e-01 3.117203e+01 1.225683e+00 4.031666e+00 7.748889e+03 6.465173e+01 6.484024e+01
244 3.748235e-01 3.125894e+01 1.224880e+00 4.034070e+00 7.738848e+03 6.470770e+01 6.489607e+01
245 3.760848e-01 3.134559e+01 1.224076e+00 4.036575e+00 7.728988e+03 6.476349e+01 6.495170e+01
246 3.773439e-01 3.143198e+01 1.223270e+00 4.038986e+00 7.719529e+03 6.481909e+01 6.500715e+01
247 3.786007e-01 3.151810e+01 1.222463e+00 4.041304e+00 7.711177e+03 6.487450e+01 6.506241e+01
248 3.798553e-01 3.160396e+01 1.221664e+00 4.043531e+00 7.702985e+03 6.492972e+01 6.511748e+01
249 3.811076e-01 3.168956e+01 1.220879e+00 4.045668e+00 7.694073e+03 6.498476e+01 6.517237e+01
250 3.823577e-01 3.177490e+01 1.220103e+00 4.047398e+00 7.683967e+03 6.503960e+01 6.522706e+01
251 3.836056e-01 3.185999e+01 1.219334e+00 4.048752e+00 7.673591e+03 6.509427e+01 6.528157e+01
252 3.848512e-01 3.194481e+01 1.218571e+00 4.050014e+00 7.663012e+03 6.514874e+01 6.533590e+01
253 3.860946e-01 3.202938e+01 1.217813e+00 4.051185e+00 7.652780e+03 6.520304e+01 6.539004e+01
254 3.873358e-01 3.211369e+01 1.217064e+00 4.052266e+00 7.641985e+03 6.525715e+01 6.544400e+01
255 3.885748e-01 3.219775e+01 1.216317e+00 4.053259e+00 7.630824e+03 6.531107e+01 6.549778e+01
256 3.898115e-01 3.228155e+01 1.215580e+00 4.054165e+00 7.619852e+03 6.536481e+01 6.555137e+01
257 3.910461e-01 3.236510e+01 1.214851e+00 4.054984e+00 7.609759e+03 6.541837e+01 6.560478e+01
258 3.922784e-01 3.244840e+01 1.214135e+00 4.055718e+00 7.598310e+03 6.547175e+01 6.565800e+01
259 3.935086e-01 3.253145e+01 1.213420e+00 4.056368e+00 7.587499e+03 6.552495e+01 6.571105e+01
260 3.947366e-01 3.261425e+01 1.212689e+00 4.056936e+00 7.579990e+03 6.557796e+01 6.576392e+01
261 3.959623e-01 3.269679e+01 1.211939e+00 4.057150e+00 7.576270e+03 6.563080e+01 6.581660e+01
262 3.971859e-01 3.277910e+01 1.211194e+00 4.057160e+00 7.572569e+03 6.568345e+01 6.586911e+01
263 3.984073e-01 3.286115e+01 1.210455e+00 4.057089e+00 7.568402e+03 6.573593e+01 6.592144e+01
264 3.996265e-01 3.294296e+01 1.209726e+00 4.056938e+00 7.564329e+03 6.578823e+01 6.597359e+01
265 4.008436e-01 3.302452e+01 1.209005e+00 4.056708e+00 7.560876e+03 6.584036e+01 6.602556e+01
266 4.020585e-01 3.310584e+01 1.208289e+00 4.056400e+00 7.557740e+03 6.589230e+01 6.607735e+01
267 4.032712e-01 3.318691e+01 1.207579e+00 4.056015e+00 7.554226e+03 6.594407e+01 6.612897e+01
268 4.044818e-01 3.326775e+01 1.206872e+00 4.055554e+00 7.550919e+03 6.599566e+01 6.618042e+01
269 4.056902e-01 3.334834e+01 1.206161e+00 4.055018e+00 7.548451e+03 6.604708e+01 6.623169e+01
270 4.068965e-01 3.342869e+01 1.205449e+00 4.054408e+00 7.547273e+03 6.609833e+01 6.628278e+01
271 4.081006e-01 3.350880e+01 1.204728e+00 4.054017e+00 7.547238e+03 6.614940e+01 6.633370e+01
272 4.093025e-01 3.358867e+01 1.204013e+00 4.053730e+00 7.546866e+03 6.620029e+01 6.638445e+01
273 4.105024e-01 3.366831e+01 1.203303e+00 4.053375e+00 7.546072e+03 6.625102e+01 6.643503e+01
274 4.117001e-01 3.374771e+01 1.202598e+00 4.052951e+00 7.545769e+03 6.630157e+01 6.648543e+01
275 4.128957e-01 3.382687e+01 1.201895e+00 4.052459e+00 7.545326e+03 6.635195e+01 6.653566e+01
276 4.140891e-01 3.390579e+01 1.201196e+00 4.051901e+00 7.544981e+03 6.640216e+01 6.658572e+01
277 4.152804e-01 3.398449e+01 1.200502e+00 4.051277e+00 7.544582e+03 6.645220e+01 6.663561e+01
278 4.164697e-01 3.406295e+01 1.199815e+00 4.050588e+00 7.543525e+03 6.650207e+01 6.668533e+01
279 4.176568e-01 3.414118e+01 1.199133e+00 4.049699e+00 7.541971e+03 6.655177e+01 6.673488e+01
280 4.188418e-01 3.421917e+01 1.198458e+00 4.048488e+00 7.539678e+03 6.660130e+01 6.678427e+01
281 4.200247e-01 3.429694e+01 1.197787e+00 4.047214e+00 7.537122e+03 6.665066e+01 6.683348e+01
282 4.212055e-01 3.437448e+01 1.197117e+00 4.045877e+00 7.534461e+03 6.669986e+01 6.688253e+01
283 4.223842e-01 3.445178e+01 1.196446e+00 4.044479e+00 7.531835e+03 6.674889e+01 6.693141e+01
284 4.235608e-01 3.452887e+01 1.195776e+00 4.043021e+00 7.529109e+03 6.679775e+01 6.698013e+01
285 4.247354e-01 3.460572e+01 1.195108e+00 4.041504e+00 7.526221e+03 6.684645e+01 6.702868e+01
286 4.259078e-01 3.468235e+01 1.194440e+00 4.040372e+00 7.523244e+03 6.689499e+01 6.707707e+01
287 4.270782e-01 3.475875e+01 1.193767e+00 4.039215e+00 7.521136e+03 6.694335e+01 6.712529e+01
288 4.282466e-01 3.483493e+01 1.193085e+00 4.038002e+00 7.520526e+03 6.699156e+01 6.717335e+01
289 4.294128e-01 3.491088e+01 1.192407e+00 4.036735e+00 7.519758e+03 6.703960e+01 6.722124e+01
290 4.305770e-01 3.498662e+01 1.191734e+00 4.035414e+00 7.518831e+03 6.708748e+01 6.726897e+01
291 4.317392e-01 3.506213e+01 1.191067e+00 4.034040e+00 7.517744e+03 6.713520e+01 6.731654e+01
