# it strain shortening ε_f δT D θ θc
1 0.000000e+00 0.000000e+00 1.224243e+00 5.684342e-14 6.349920e+03 4.500000e+01 4.512215e+01
2 1.770244e-03 1.768678e-01 1.257098e+00 1.423696e+00 6.115438e+03 4.510143e+01 4.522358e+01
3 3.539646e-03 3.533389e-01 1.288855e+00 2.645541e+00 5.923795e+03 4.520281e+01 4.532496e+01
4 5.308184e-03 5.294120e-01 1.322239e+00 3.866224e+00 5.756126e+03 4.530413e+01 4.542628e+01
5 7.075837e-03 7.050863e-01 1.357365e+00 5.118037e+00 5.606180e+03 4.540540e+01 4.552755e+01
6 8.842586e-03 8.803605e-01 1.394355e+00 6.348894e+00 5.469430e+03 4.550662e+01 4.562876e+01
7 1.060841e-02 1.055234e+00 1.433324e+00 7.559051e+00 5.342909e+03 4.560777e+01 4.572991e+01
8 1.237328e-02 1.229705e+00 1.474398e+00 8.750082e+00 5.224424e+03 4.570886e+01 4.583100e+01
9 1.413719e-02 1.403773e+00 1.517704e+00 9.924480e+00 5.112326e+03 4.580989e+01 4.593202e+01
10 1.590012e-02 1.577438e+00 1.563381e+00 1.111387e+01 5.005322e+03 4.591086e+01 4.603298e+01
11 1.766203e-02 1.750697e+00 1.611574e+00 1.230715e+01 4.902560e+03 4.601175e+01 4.613386e+01
12 1.942292e-02 1.923551e+00 1.662434e+00 1.349547e+01 4.803121e+03 4.611257e+01 4.623468e+01
13 2.118276e-02 2.095998e+00 1.716001e+00 1.468068e+01 4.705788e+03 4.621332e+01 4.633542e+01
14 2.294153e-02 2.268037e+00 1.772406e+00 1.586420e+01 4.610508e+03 4.631399e+01 4.643608e+01
15 2.469921e-02 2.439668e+00 1.831895e+00 1.704797e+01 4.517251e+03 4.641459e+01 4.653666e+01
16 2.645579e-02 2.610890e+00 1.894742e+00 1.823398e+01 4.425965e+03 4.651510e+01 4.663717e+01
17 2.821124e-02 2.781702e+00 1.961109e+00 1.942425e+01 4.336272e+03 4.661553e+01 4.673758e+01
18 2.996555e-02 2.952103e+00 2.031209e+00 2.062480e+01 4.247930e+03 4.671587e+01 4.683792e+01
19 3.171869e-02 3.122092e+00 2.105268e+00 2.186513e+01 4.160728e+03 4.681613e+01 4.693816e+01
20 3.347064e-02 3.291670e+00 2.183456e+00 2.311570e+01 4.074272e+03 4.691630e+01 4.703831e+01
21 3.522139e-02 3.460834e+00 2.265981e+00 2.437755e+01 3.988497e+03 4.701637e+01 4.713837e+01
22 3.697092e-02 3.629584e+00 2.353017e+00 2.565180e+01 3.903200e+03 4.711635e+01 4.723834e+01
23 3.871921e-02 3.797920e+00 2.444968e+00 2.693959e+01 3.818846e+03 4.721623e+01 4.733820e+01
24 4.046623e-02 3.965841e+00 2.542062e+00 2.824221e+01 3.735218e+03 4.731602e+01 4.743797e+01
25 4.221198e-02 4.133346e+00 2.644694e+00 2.957784e+01 3.652291e+03 4.741570e+01 4.753764e+01
26 4.395643e-02 4.300435e+00 2.753046e+00 3.094208e+01 3.569871e+03 4.751528e+01 4.763720e+01
27 4.569957e-02 4.467107e+00 2.867292e+00 3.231969e+01 3.487872e+03 4.761475e+01 4.773665e+01
28 4.744137e-02 4.633362e+00 2.987729e+00 3.371071e+01 3.406268e+03 4.771412e+01 4.783600e+01
29 4.918182e-02 4.799198e+00 3.114816e+00 3.511463e+01 3.325447e+03 4.781338e+01 4.793524e+01
30 5.092090e-02 4.964616e+00 3.248732e+00 3.659176e+01 3.245298e+03 4.791252e+01 4.803436e+01
31 5.265859e-02 5.129615e+00 3.389798e+00 3.808517e+01 3.165820e+03 4.801155e+01 4.813337e+01
32 5.439488e-02 5.294194e+00 3.538152e+00 3.959308e+01 3.087004e+03 4.811047e+01 4.823226e+01
33 5.612975e-02 5.458354e+00 3.694182e+00 4.111476e+01 3.008964e+03 4.820926e+01 4.833103e+01
34 5.786317e-02 5.622093e+00 3.857902e+00 4.264909e+01 2.931749e+03 4.830794e+01 4.842969e+01
35 5.959514e-02 5.785411e+00 4.029508e+00 4.422463e+01 2.855554e+03 4.840649e+01 4.852822e+01
36 6.132563e-02 5.948307e+00 4.209099e+00 4.584286e+01 2.780429e+03 4.850492e+01 4.862662e+01
37 6.305464e-02 6.110782e+00 4.396795e+00 4.747167e+01 2.706504e+03 4.860323e+01 4.872490e+01
38 6.478213e-02 6.272835e+00 4.592378e+00 4.910910e+01 2.633857e+03 4.870140e+01 4.882304e+01
39 6.650810e-02 6.434466e+00 4.796482e+00 5.075274e+01 2.561259e+03 4.879945e+01 4.916429e+01
40 6.823253e-02 6.595674e+00 5.009808e+00 5.242341e+01 2.491759e+03 4.889736e+01 4.926212e+01
41 6.995540e-02 6.756459e+00 5.230780e+00 5.414230e+01 2.423959e+03 4.899514e+01 4.935981e+01
42 7.167669e-02 6.916821e+00 5.459376e+00 5.586267e+01 2.356730e+03 4.909278e+01 4.970040e+01
43 7.339640e-02 7.076759e+00 5.698142e+00 5.758513e+01 2.292758e+03 4.919028e+01 4.979776e+01
44 7.511450e-02 7.236274e+00 5.943696e+00 5.931087e+01 2.230809e+03 4.928765e+01 4.989497e+01
45 7.683098e-02 7.395364e+00 6.196513e+00 6.104666e+01 2.169981e+03 4.938487e+01 5.023487e+01
46 7.854582e-02 7.554030e+00 6.459122e+00 6.282298e+01 2.112562e+03 4.948195e+01 5.033172e+01
47 8.025901e-02 7.712272e+00 6.727088e+00 6.459470e+01 2.057436e+03 4.957888e+01 5.042843e+01
48 8.197054e-02 7.870090e+00 7.003378e+00 6.635137e+01 2.003824e+03 4.967567e+01 5.076759e+01
49 8.368038e-02 8.027482e+00 7.287042e+00 6.810775e+01 1.953567e+03 4.977231e+01 5.086392e+01
50 8.538852e-02 8.184450e+00 7.574906e+00 6.986617e+01 1.905066e+03 4.986879e+01 5.120253e+01
51 8.709494e-02 8.340993e+00 7.873429e+00 7.164876e+01 1.859794e+03 4.996513e+01 5.129847e+01
52 8.879964e-02 8.497111e+00 8.174068e+00 7.341504e+01 1.816950e+03 5.006131e+01 5.139426e+01
53 9.050260e-02 8.652804e+00 8.475316e+00 7.515126e+01 1.776511e+03 5.015733e+01 5.148988e+01
54 9.220380e-02 8.808072e+00 8.775372e+00 7.685294e+01 1.738438e+03 5.025320e+01 5.158534e+01
55 9.390323e-02 8.962915e+00 9.072544e+00 7.854785e+01 1.702720e+03 5.034891e+01 5.168063e+01
56 9.560088e-02 9.117332e+00 9.365055e+00 8.022507e+01 1.669306e+03 5.044445e+01 5.177575e+01
57 9.729672e-02 9.271325e+00 9.651113e+00 8.185656e+01 1.638110e+03 5.053984e+01 5.187071e+01
58 9.899076e-02 9.424892e+00 9.928933e+00 8.343849e+01 1.609076e+03 5.063506e+01 5.196549e+01
59 1.006830e-01 9.578034e+00 1.021549e+01 8.498413e+01 1.581728e+03 5.073011e+01 5.230181e+01
60 1.023733e-01 9.730752e+00 1.049522e+01 8.654517e+01 1.556825e+03 5.082500e+01 5.239616e+01
61 1.040618e-01 9.883044e+00 1.076410e+01 8.806332e+01 1.533889e+03 5.091972e+01 5.249034e+01
62 1.057485e-01 1.003491e+01 1.102081e+01 8.952438e+01 1.512826e+03 5.101427e+01 5.258434e+01
63 1.074333e-01 1.018635e+01 1.126387e+01 9.092599e+01 1.493521e+03 5.110865e+01 5.267817e+01
64 1.091161e-01 1.033737e+01 1.149221e+01 9.226728e+01 1.475900e+03 5.120285e+01 5.277181e+01
65 1.107971e-01 1.048797e+01 1.170484e+01 9.359815e+01 1.459921e+03 5.129688e+01 5.286527e+01
66 1.124762e-01 1.063814e+01 1.190135e+01 9.486674e+01 1.445461e+03 5.139074e+01 5.295854e+01
67 1.141533e-01 1.078788e+01 1.208095e+01 9.607252e+01 1.432411e+03 5.148441e+01 5.305163e+01
68 1.158285e-01 1.093720e+01 1.225211e+01 9.724381e+01 1.420440e+03 5.157791e+01 5.338541e+01
69 1.175017e-01 1.108610e+01 1.241613e+01 9.837219e+01 1.409993e+03 5.167123e+01 5.347803e+01
70 1.191730e-01 1.123458e+01 1.256392e+01 9.947851e+01 1.400704e+03 5.176436e+01 5.357047e+01
71 1.208423e-01 1.138263e+01 1.269536e+01 1.005250e+02 1.392493e+03 5.185732e+01 5.366271e+01
72 1.225096e-01 1.153026e+01 1.281109e+01 1.015123e+02 1.385281e+03 5.195008e+01 5.375476e+01
73 1.241749e-01 1.167746e+01 1.291149e+01 1.024413e+02 1.379057e+03 5.204267e+01 5.384662e+01
74 1.258382e-01 1.182425e+01 1.299714e+01 1.033336e+02 1.373775e+03 5.213506e+01 5.393828e+01
75 1.274994e-01 1.197061e+01 1.306884e+01 1.041993e+02 1.369318e+03 5.222727e+01 5.402975e+01
76 1.291587e-01 1.211655e+01 1.312728e+01 1.050382e+02 1.365604e+03 5.231929e+01 5.412102e+01
77 1.308158e-01 1.226207e+01 1.317360e+01 1.058457e+02 1.362577e+03 5.241112e+01 5.421209e+01
78 1.324710e-01 1.240716e+01 1.323260e+01 1.066204e+02 1.359983e+03 5.250276e+01 5.454279e+01
79 1.341240e-01 1.255184e+01 1.328110e+01 1.073995e+02 1.358195e+03 5.259420e+01 5.463336e+01
80 1.357750e-01 1.269610e+01 1.332510e+01 1.081588e+02 1.356747e+03 5.268545e+01 5.496328e+01
81 1.374239e-01 1.283994e+01 1.337660e+01 1.089113e+02 1.355969e+03 5.277651e+01 5.505334e+01
82 1.390707e-01 1.298335e+01 1.341894e+01 1.096194e+02 1.355662e+03 5.286737e+01 5.514319e+01
83 1.407154e-01 1.312635e+01 1.345716e+01 1.103185e+02 1.355604e+03 5.295803e+01 5.547199e+01
84 1.423580e-01 1.326893e+01 1.350421e+01 1.110114e+02 1.356097e+03 5.304850e+01 5.556132e+01
85 1.439985e-01 1.341110e+01 1.354357e+01 1.116983e+02 1.356924e+03 5.313876e+01 5.565044e+01
86 1.456368e-01 1.355284e+01 1.357585e+01 1.123716e+02 1.358057e+03 5.322883e+01 5.573934e+01
87 1.472730e-01 1.369417e+01 1.361775e+01 1.130064e+02 1.359349e+03 5.331869e+01 5.606667e+01
88 1.489070e-01 1.383508e+01 1.365599e+01 1.136038e+02 1.361063e+03 5.340835e+01 5.615505e+01
89 1.505389e-01 1.397557e+01 1.368802e+01 1.141903e+02 1.362998e+03 5.349781e+01 5.624320e+01
90 1.521686e-01 1.411565e+01 1.371829e+01 1.147607e+02 1.365040e+03 5.358707e+01 5.656935e+01
91 1.537961e-01 1.425532e+01 1.375660e+01 1.152984e+02 1.367483e+03 5.367612e+01 5.665696e+01
92 1.554215e-01 1.439457e+01 1.378939e+01 1.158043e+02 1.370109e+03 5.376496e+01 5.674435e+01
93 1.570446e-01 1.453341e+01 1.381698e+01 1.162794e+02 1.372881e+03 5.385360e+01 5.683153e+01
94 1.586655e-01 1.467183e+01 1.383979e+01 1.167438e+02 1.375788e+03 5.394202e+01 5.691849e+01
95 1.602843e-01 1.480984e+01 1.385816e+01 1.172024e+02 1.378809e+03 5.403024e+01 5.700522e+01
96 1.619007e-01 1.494744e+01 1.387241e+01 1.176342e+02 1.381930e+03 5.411826e+01 5.709174e+01
97 1.635150e-01 1.508463e+01 1.388292e+01 1.180399e+02 1.385143e+03 5.420606e+01 5.717803e+01
98 1.651271e-01 1.522140e+01 1.388995e+01 1.184204e+02 1.388443e+03 5.429365e+01 5.726411e+01
99 1.667369e-01 1.535777e+01 1.389377e+01 1.187859e+02 1.391849e+03 5.438102e+01 5.734996e+01
100 1.683444e-01 1.549373e+01 1.388957e+01 1.191504e+02 1.395348e+03 5.446819e+01 5.743558e+01
101 1.699497e-01 1.562927e+01 1.387659e+01 1.194834e+02 1.398971e+03 5.455514e+01 5.752099e+01
102 1.715527e-01 1.576441e+01 1.386135e+01 1.197953e+02 1.402733e+03 5.464188e+01 5.760617e+01
103 1.731535e-01 1.589914e+01 1.384401e+01 1.201139e+02 1.406532e+03 5.472841e+01 5.769112e+01
104 1.747519e-01 1.603347e+01 1.382489e+01 1.204145e+02 1.410360e+03 5.481472e+01 5.777585e+01
105 1.763481e-01 1.616739e+01 1.380414e+01 1.207295e+02 1.414221e+03 5.490081e+01 5.786035e+01
106 1.779420e-01 1.630090e+01 1.378195e+01 1.210530e+02 1.418099e+03 5.498669e+01 5.794463e+01
107 1.795336e-01 1.643401e+01 1.375845e+01 1.213626e+02 1.422026e+03 5.507235e+01 5.802868e+01
108 1.811229e-01 1.656672e+01 1.373384e+01 1.216541e+02 1.425961e+03 5.515779e+01 5.811250e+01
109 1.827099e-01 1.669902e+01 1.370823e+01 1.219453e+02 1.429887e+03 5.524301e+01 5.819609e+01
110 1.842946e-01 1.683092e+01 1.368174e+01 1.222443e+02 1.433813e+03 5.532802e+01 5.827945e+01
111 1.858769e-01 1.696242e+01 1.365455e+01 1.225465e+02 1.437743e+03 5.541281e+01 5.836259e+01
112 1.874569e-01 1.709352e+01 1.362667e+01 1.228420e+02 1.441688e+03 5.549737e+01 5.844550e+01
113 1.890346e-01 1.722421e+01 1.359831e+01 1.231374e+02 1.445634e+03 5.558172e+01 5.852817e+01
114 1.906100e-01 1.735451e+01 1.356944e+01 1.234168e+02 1.449621e+03 5.566584e+01 5.861062e+01
115 1.921830e-01 1.748441e+01 1.354018e+01 1.236810e+02 1.453628e+03 5.574975e+01 5.869284e+01
116 1.937536e-01 1.761392e+01 1.351067e+01 1.239834e+02 1.457600e+03 5.583343e+01 5.877482e+01
117 1.953219e-01 1.774302e+01 1.348082e+01 1.242761e+02 1.461557e+03 5.591689e+01 5.885658e+01
118 1.968879e-01 1.787173e+01 1.345078e+01 1.245545e+02 1.465488e+03 5.600013e+01 5.893810e+01
119 1.984515e-01 1.800004e+01 1.342058e+01 1.248189e+02 1.469390e+03 5.608314e+01 5.901939e+01
120 2.000127e-01 1.812796e+01 1.339030e+01 1.250696e+02 1.473270e+03 5.616593e+01 5.910045e+01
121 2.015715e-01 1.825549e+01 1.336004e+01 1.253110e+02 1.477123e+03 5.624850e+01 5.918128e+01
122 2.031280e-01 1.838262e+01 1.332968e+01 1.255602e+02 1.481006e+03 5.633084e+01 5.926187e+01
123 2.046821e-01 1.850937e+01 1.329930e+01 1.257853e+02 1.484908e+03 5.641296e+01 5.934223e+01
124 2.062338e-01 1.863572e+01 1.326896e+01 1.259986e+02 1.488815e+03 5.649486e+01 5.942236e+01
125 2.077831e-01 1.876168e+01 1.323883e+01 1.262004e+02 1.492674e+03 5.657653e+01 5.950226e+01
126 2.093301e-01 1.888725e+01 1.321500e+01 1.263909e+02 1.496342e+03 5.665797e+01 5.981538e+01
127 2.108746e-01 1.901244e+01 1.319135e+01 1.265777e+02 1.500157e+03 5.673919e+01 5.989466e+01
128 2.124167e-01 1.913723e+01 1.316765e+01 1.267777e+02 1.503967e+03 5.682018e+01 5.997372e+01
129 2.139564e-01 1.926165e+01 1.314412e+01 1.269677e+02 1.507756e+03 5.690095e+01 6.005253e+01
130 2.154938e-01 1.938567e+01 1.312040e+01 1.271477e+02 1.511549e+03 5.698149e+01 6.013112e+01
131 2.170287e-01 1.950931e+01 1.309666e+01 1.273180e+02 1.515327e+03 5.706180e+01 6.020947e+01
132 2.185612e-01 1.963257e+01 1.307296e+01 1.274787e+02 1.519068e+03 5.714189e+01 6.028758e+01
133 2.200913e-01 1.975544e+01 1.305405e+01 1.276356e+02 1.522632e+03 5.722175e+01 6.059781e+01
134 2.216189e-01 1.987794e+01 1.303647e+01 1.278076e+02 1.526312e+03 5.730138e+01 6.067530e+01
135 2.231442e-01 2.000005e+01 1.301868e+01 1.279709e+02 1.530000e+03 5.738079e+01 6.075257e+01
136 2.246670e-01 2.012178e+01 1.300080e+01 1.281258e+02 1.533719e+03 5.745997e+01 6.082959e+01
137 2.261874e-01 2.024314e+01 1.298289e+01 1.282724e+02 1.537410e+03 5.753892e+01 6.090639e+01
138 2.277053e-01 2.036411e+01 1.296495e+01 1.284106e+02 1.541063e+03 5.761764e+01 6.098294e+01
139 2.292209e-01 2.048471e+01 1.294717e+01 1.285407e+02 1.544652e+03 5.769614e+01 6.105926e+01
140 2.307340e-01 2.060493e+01 1.293173e+01 1.286904e+02 1.548053e+03 5.777441e+01 6.136655e+01
141 2.322446e-01 2.072478e+01 1.291917e+01 1.288335e+02 1.551641e+03 5.785245e+01 6.144225e+01
142 2.337529e-01 2.084426e+01 1.290650e+01 1.289726e+02 1.555208e+03 5.793026e+01 6.151771e+01
143 2.352586e-01 2.096336e+01 1.289371e+01 1.291168e+02 1.558768e+03 5.800784e+01 6.159294e+01
144 2.367620e-01 2.108209e+01 1.288083e+01 1.292536e+02 1.562298e+03 5.808520e+01 6.166794e+01
145 2.382629e-01 2.120045e+01 1.286785e+01 1.293830e+02 1.565803e+03 5.816233e+01 6.174269e+01
146 2.397613e-01 2.131844e+01 1.285477e+01 1.295234e+02 1.569290e+03 5.823923e+01 6.181721e+01
147 2.412573e-01 2.143606e+01 1.284161e+01 1.296807e+02 1.572800e+03 5.831590e+01 6.189150e+01
148 2.427509e-01 2.155331e+01 1.282836e+01 1.298310e+02 1.576302e+03 5.839234e+01 6.196555e+01
149 2.442420e-01 2.167020e+01 1.281502e+01 1.299746e+02 1.579797e+03 5.846856e+01 6.203937e+01
150 2.457307e-01 2.178672e+01 1.280160e+01 1.301133e+02 1.583279e+03 5.854455e+01 6.211295e+01
151 2.472169e-01 2.190287e+01 1.278813e+01 1.302581e+02 1.586729e+03 5.862031e+01 6.218630e+01
152 2.487006e-01 2.201866e+01 1.277460e+01 1.303960e+02 1.590168e+03 5.869584e+01 6.225941e+01
153 2.501819e-01 2.213409e+01 1.276097e+01 1.305521e+02 1.593607e+03 5.877115e+01 6.233229e+01
154 2.516608e-01 2.224916e+01 1.274709e+01 1.307028e+02 1.597055e+03 5.884623e+01 6.240493e+01
155 2.531372e-01 2.236386e+01 1.273333e+01 1.308474e+02 1.600465e+03 5.892108e+01 6.247734e+01
156 2.546111e-01 2.247821e+01 1.271953e+01 1.309858e+02 1.603866e+03 5.899570e+01 6.254951e+01
157 2.560826e-01 2.259220e+01 1.270569e+01 1.311182e+02 1.607256e+03 5.907009e+01 6.262146e+01
158 2.575516e-01 2.270583e+01 1.269177e+01 1.312445e+02 1.610626e+03 5.914426e+01 6.269317e+01
159 2.590182e-01 2.281910e+01 1.267762e+01 1.313687e+02 1.613993e+03 5.921820e+01 6.276464e+01
160 2.604823e-01 2.293202e+01 1.266361e+01 1.315076e+02 1.617311e+03 5.929192e+01 6.283589e+01
161 2.619440e-01 2.304459e+01 1.264956e+01 1.316411e+02 1.620602e+03 5.936541e+01 6.290690e+01
162 2.634032e-01 2.315680e+01 1.263545e+01 1.317692e+02 1.623887e+03 5.943867e+01 6.297767e+01
163 2.648599e-01 2.326866e+01 1.262130e+01 1.318919e+02 1.627167e+03 5.951170e+01 6.304822e+01
164 2.663142e-01 2.338016e+01 1.260712e+01 1.320093e+02 1.630449e+03 5.958451e+01 6.311854e+01
165 2.677660e-01 2.349132e+01 1.259272e+01 1.321213e+02 1.633752e+03 5.965710e+01 6.318862e+01
166 2.692154e-01 2.360213e+01 1.257843e+01 1.322310e+02 1.637031e+03 5.972945e+01 6.325847e+01
167 2.706623e-01 2.371259e+01 1.256411e+01 1.323557e+02 1.640301e+03 5.980158e+01 6.332810e+01
168 2.721067e-01 2.382270e+01 1.254972e+01 1.324757e+02 1.643555e+03 5.987349e+01 6.339749e+01
169 2.735487e-01 2.393247e+01 1.253530e+01 1.325909e+02 1.646789e+03 5.994517e+01 6.346665e+01
170 2.749883e-01 2.404190e+01 1.252085e+01 1.327014e+02 1.650011e+03 6.001663e+01 6.353558e+01
171 2.764253e-01 2.415098e+01 1.250622e+01 1.328072e+02 1.653223e+03 6.008786e+01 6.360429e+01
172 2.778600e-01 2.425971e+01 1.249168e+01 1.329083e+02 1.656394e+03 6.015887e+01 6.367276e+01
173 2.792922e-01 2.436811e+01 1.247710e+01 1.330047e+02 1.659554e+03 6.022965e+01 6.374101e+01
174 2.807219e-01 2.447616e+01 1.246246e+01 1.331150e+02 1.662690e+03 6.030021e+01 6.380902e+01
175 2.821492e-01 2.458388e+01 1.244035e+01 1.332244e+02 1.665853e+03 6.037055e+01 6.387681e+01
176 2.835740e-01 2.469126e+01 1.241832e+01 1.333149e+02 1.669041e+03 6.044067e+01 6.394437e+01
177 2.849963e-01 2.479830e+01 1.239639e+01 1.334004e+02 1.672261e+03 6.051056e+01 6.401171e+01
178 2.864163e-01 2.490500e+01 1.237452e+01 1.334819e+02 1.675531e+03 6.058023e+01 6.407882e+01
179 2.878337e-01 2.501137e+01 1.235262e+01 1.335593e+02 1.678791e+03 6.064967e+01 6.414570e+01
180 2.892488e-01 2.511741e+01 1.233091e+01 1.336327e+02 1.682015e+03 6.071890e+01 6.421236e+01
181 2.906614e-01 2.522311e+01 1.230929e+01 1.337087e+02 1.685213e+03 6.078790e+01 6.427879e+01
182 2.920715e-01 2.532849e+01 1.228775e+01 1.337949e+02 1.688395e+03 6.085668e+01 6.434500e+01
183 2.934792e-01 2.543353e+01 1.226627e+01 1.338776e+02 1.691562e+03 6.092524e+01 6.441098e+01
184 2.948845e-01 2.553824e+01 1.224488e+01 1.339623e+02 1.694712e+03 6.099359e+01 6.447674e+01
185 2.962873e-01 2.564262e+01 1.222356e+01 1.340484e+02 1.697839e+03 6.106171e+01 6.454227e+01
186 2.976877e-01 2.574668e+01 1.220229e+01 1.341310e+02 1.700944e+03 6.112961e+01 6.460759e+01
187 2.990856e-01 2.585041e+01 1.218111e+01 1.342098e+02 1.704038e+03 6.119729e+01 6.467268e+01
188 3.004811e-01 2.595381e+01 1.216001e+01 1.342891e+02 1.707137e+03 6.126475e+01 6.473754e+01
189 3.018742e-01 2.605689e+01 1.213884e+01 1.343812e+02 1.710259e+03 6.133200e+01 6.480219e+01
190 3.032648e-01 2.615965e+01 1.211785e+01 1.344792e+02 1.713383e+03 6.139903e+01 6.486662e+01
191 3.046531e-01 2.626208e+01 1.209693e+01 1.345740e+02 1.716512e+03 6.146584e+01 6.493082e+01
192 3.060389e-01 2.636420e+01 1.207605e+01 1.346684e+02 1.719628e+03 6.153243e+01 6.499480e+01
193 3.074222e-01 2.646599e+01 1.205524e+01 1.347667e+02 1.722726e+03 6.159880e+01 6.505857e+01
194 3.088032e-01 2.656747e+01 1.203447e+01 1.348616e+02 1.725813e+03 6.166496e+01 6.512211e+01
195 3.101817e-01 2.666863e+01 1.201375e+01 1.349531e+02 1.728891e+03 6.173090e+01 6.518544e+01
196 3.115578e-01 2.676947e+01 1.199309e+01 1.350412e+02 1.731960e+03 6.179663e+01 6.524855e+01
197 3.129315e-01 2.687000e+01 1.197245e+01 1.351332e+02 1.735013e+03 6.186214e+01 6.531144e+01
198 3.143028e-01 2.697021e+01 1.195186e+01 1.352329e+02 1.738061e+03 6.192744e+01 6.537411e+01
199 3.156717e-01 2.707011e+01 1.193134e+01 1.353296e+02 1.741092e+03 6.199252e+01 6.543657e+01
200 3.170381e-01 2.716970e+01 1.191082e+01 1.354231e+02 1.744160e+03 6.205739e+01 6.549881e+01
201 3.184022e-01 2.726898e+01 1.189033e+01 1.355136e+02 1.747240e+03 6.212205e+01 6.556084e+01
202 3.197639e-01 2.736795e+01 1.186990e+01 1.356009e+02 1.750320e+03 6.218649e+01 6.562265e+01
203 3.211231e-01 2.746660e+01 1.184947e+01 1.356852e+02 1.753408e+03 6.225072e+01 6.568425e+01
204 3.224800e-01 2.756496e+01 1.183037e+01 1.357665e+02 1.756256e+03 6.231474e+01 6.596640e+01
205 3.238344e-01 2.766300e+01 1.181325e+01 1.358447e+02 1.759312e+03 6.237855e+01 6.602740e+01
206 3.251865e-01 2.776074e+01 1.179610e+01 1.359368e+02 1.762378e+03 6.244215e+01 6.608819e+01
207 3.265362e-01 2.785817e+01 1.177894e+01 1.360267e+02 1.765433e+03 6.250553e+01 6.614876e+01
208 3.278835e-01 2.795530e+01 1.176175e+01 1.361138e+02 1.768515e+03 6.256871e+01 6.620913e+01
209 3.292284e-01 2.805213e+01 1.174454e+01 1.361981e+02 1.771590e+03 6.263168e+01 6.626928e+01
210 3.305709e-01 2.814866e+01 1.172724e+01 1.362798e+02 1.774659e+03 6.269443e+01 6.632922e+01
211 3.319111e-01 2.824489e+01 1.171152e+01 1.363586e+02 1.777469e+03 6.275698e+01 6.660843e+01
212 3.332488e-01 2.834081e+01 1.169739e+01 1.364347e+02 1.780534e+03 6.281933e+01 6.666779e+01
213 3.345842e-01 2.843644e+01 1.168320e+01 1.365081e+02 1.783585e+03 6.288146e+01 6.672693e+01
214 3.359173e-01 2.853178e+01 1.166895e+01 1.365819e+02 1.786623e+03 6.294339e+01 6.678587e+01
215 3.372479e-01 2.862681e+01 1.165462e+01 1.366663e+02 1.789646e+03 6.300511e+01 6.684460e+01
216 3.385763e-01 2.872156e+01 1.164021e+01 1.367481e+02 1.792684e+03 6.306662e+01 6.690312e+01
217 3.399022e-01 2.881601e+01 1.162573e+01 1.368246e+02 1.795727e+03 6.312793e+01 6.696144e+01
218 3.412258e-01 2.891016e+01 1.161379e+01 1.368887e+02 1.798533e+03 6.318904e+01 6.723773e+01
219 3.425470e-01 2.900403e+01 1.160229e+01 1.369750e+02 1.801572e+03 6.324994e+01 6.729546e+01
220 3.438659e-01 2.909760e+01 1.159067e+01 1.370615e+02 1.804619e+03 6.331064e+01 6.735299e+01
221 3.451825e-01 2.919089e+01 1.157892e+01 1.371470e+02 1.807656e+03 6.337113e+01 6.741032e+01
222 3.464967e-01 2.928388e+01 1.156705e+01 1.372316e+02 1.810691e+03 6.343142e+01 6.746744e+01
223 3.478085e-01 2.937659e+01 1.155505e+01 1.373152e+02 1.813726e+03 6.349151e+01 6.752436e+01
224 3.491180e-01 2.946901e+01 1.154290e+01 1.373979e+02 1.816764e+03 6.355140e+01 6.758108e+01
225 3.504252e-01 2.956115e+01 1.153062e+01 1.374796e+02 1.819815e+03 6.361109e+01 6.763760e+01
226 3.517301e-01 2.965300e+01 1.151822e+01 1.375604e+02 1.822864e+03 6.367057e+01 6.769391e+01
227 3.530326e-01 2.974457e+01 1.150567e+01 1.376403e+02 1.825907e+03 6.372986e+01 6.775003e+01
228 3.543328e-01 2.983586e+01 1.148965e+01 1.377261e+02 1.828961e+03 6.378895e+01 6.780594e+01
229 3.556307e-01 2.992687e+01 1.147104e+01 1.378136e+02 1.832024e+03 6.384784e+01 6.786166e+01
230 3.569263e-01 3.001759e+01 1.145234e+01 1.379002e+02 1.835078e+03 6.390653e+01 6.791718e+01
231 3.582196e-01 3.010804e+01 1.143356e+01 1.379875e+02 1.838155e+03 6.396502e+01 6.797250e+01
232 3.595105e-01 3.019821e+01 1.141471e+01 1.380809e+02 1.841249e+03 6.402331e+01 6.802762e+01
233 3.607992e-01 3.028810e+01 1.139577e+01 1.381733e+02 1.844334e+03 6.408141e+01 6.808255e+01
234 3.620856e-01 3.037772e+01 1.137675e+01 1.382648e+02 1.847411e+03 6.413932e+01 6.813728e+01
235 3.633696e-01 3.046706e+01 1.135764e+01 1.383605e+02 1.850478e+03 6.419703e+01 6.819182e+01
236 3.646514e-01 3.055613e+01 1.133843e+01 1.384586e+02 1.853533e+03 6.425454e+01 6.824616e+01
237 3.659309e-01 3.064493e+01 1.131912e+01 1.385557e+02 1.856590e+03 6.431186e+01 6.830030e+01
238 3.672081e-01 3.073345e+01 1.129972e+01 1.386517e+02 1.859671e+03 6.436898e+01 6.835426e+01
239 3.684830e-01 3.082170e+01 1.128056e+01 1.387468e+02 1.863025e+03 6.442592e+01 6.819341e+01
240 3.697556e-01 3.090969e+01 1.126336e+01 1.388409e+02 1.866104e+03 6.448266e+01 6.824715e+01
241 3.710260e-01 3.099740e+01 1.124600e+01 1.389339e+02 1.869178e+03 6.453920e+01 6.830069e+01
242 3.722941e-01 3.108485e+01 1.122847e+01 1.390259e+02 1.872278e+03 6.459556e+01 6.835405e+01
243 3.735599e-01 3.117203e+01 1.121078e+01 1.391169e+02 1.875375e+03 6.465173e+01 6.840722e+01
244 3.748235e-01 3.125894e+01 1.119292e+01 1.392069e+02 1.878488e+03 6.470770e+01 6.846019e+01
245 3.760848e-01 3.134559e+01 1.117488e+01 1.392958e+02 1.881604e+03 6.476349e+01 6.851298e+01
246 3.773439e-01 3.143198e+01 1.115668e+01 1.393838e+02 1.884718e+03 6.481909e+01 6.856558e+01
247 3.786007e-01 3.151810e+01 1.113828e+01 1.394708e+02 1.887855e+03 6.487450e+01 6.861799e+01
248 3.798553e-01 3.160396e+01 1.111970e+01 1.395568e+02 1.890990e+03 6.492972e+01 6.867022e+01
249 3.811076e-01 3.168956e+01 1.110094e+01 1.396419e+02 1.894133e+03 6.498476e+01 6.872226e+01
250 3.823577e-01 3.177490e+01 1.108199e+01 1.397259e+02 1.897281e+03 6.503960e+01 6.877411e+01
251 3.836056e-01 3.185999e+01 1.106285e+01 1.398029e+02 1.900434e+03 6.509427e+01 6.882578e+01
252 3.848512e-01 3.194481e+01 1.104352e+01 1.398743e+02 1.903591e+03 6.514874e+01 6.887726e+01
253 3.860946e-01 3.202938e+01 1.102399e+01 1.399448e+02 1.906771e+03 6.520304e+01 6.892856e+01
254 3.873358e-01 3.211369e+01 1.100426e+01 1.400143e+02 1.909949e+03 6.525715e+01 6.897968e+01
255 3.885748e-01 3.219775e+01 1.098440e+01 1.400830e+02 1.913112e+03 6.531107e+01 6.903061e+01
256 3.898115e-01 3.228155e+01 1.096418e+01 1.401508e+02 1.916291e+03 6.536481e+01 6.908137e+01
257 3.910461e-01 3.236510e+01 1.094384e+01 1.402176e+02 1.919467e+03 6.541837e+01 6.913194e+01
258 3.922784e-01 3.244840e+01 1.092336e+01 1.402835e+02 1.922649e+03 6.547175e+01 6.918233e+01
259 3.935086e-01 3.253145e+01 1.090250e+01 1.403485e+02 1.925851e+03 6.552495e+01 6.923254e+01
260 3.947366e-01 3.261425e+01 1.087994e+01 1.404126e+02 1.929039e+03 6.557796e+01 6.928258e+01
261 3.959623e-01 3.269679e+01 1.085443e+01 1.404758e+02 1.932273e+03 6.563080e+01 6.933243e+01
262 3.971859e-01 3.277910e+01 1.082894e+01 1.405380e+02 1.935499e+03 6.568345e+01 6.938211e+01
263 3.984073e-01 3.286115e+01 1.080313e+01 1.405994e+02 1.938740e+03 6.573593e+01 6.943160e+01
264 3.996265e-01 3.294296e+01 1.077735e+01 1.406598e+02 1.941961e+03 6.578823e+01 6.948093e+01
265 4.008436e-01 3.302452e+01 1.075125e+01 1.407193e+02 1.945218e+03 6.584036e+01 6.953007e+01
266 4.020585e-01 3.310584e+01 1.072515e+01 1.407778e+02 1.948451e+03 6.589230e+01 6.957904e+01
267 4.032712e-01 3.318691e+01 1.069873e+01 1.408363e+02 1.951704e+03 6.594407e+01 6.962784e+01
268 4.044818e-01 3.326775e+01 1.067223e+01 1.409009e+02 1.954965e+03 6.599566e+01 6.967646e+01
269 4.056902e-01 3.334834e+01 1.064556e+01 1.409645e+02 1.958263e+03 6.604708e+01 6.972491e+01
270 4.068965e-01 3.342869e+01 1.061873e+01 1.410287e+02 1.961556e+03 6.609833e+01 6.977319e+01
271 4.081006e-01 3.350880e+01 1.059171e+01 1.410983e+02 1.964847e+03 6.614940e+01 6.982129e+01
272 4.093025e-01 3.358867e+01 1.056453e+01 1.411668e+02 1.968165e+03 6.620029e+01 6.986923e+01
273 4.105024e-01 3.366831e+01 1.053717e+01 1.412370e+02 1.971474e+03 6.625102e+01 6.991699e+01
274 4.117001e-01 3.374771e+01 1.051147e+01 1.413115e+02 1.974428e+03 6.630157e+01 7.017327e+01
275 4.128957e-01 3.382687e+01 1.048639e+01 1.413848e+02 1.977773e+03 6.635195e+01 7.022053e+01
276 4.140891e-01 3.390579e+01 1.046110e+01 1.414571e+02 1.981127e+03 6.640216e+01 7.026762e+01
277 4.152804e-01 3.398449e+01 1.043560e+01 1.415284e+02 1.984496e+03 6.645220e+01 7.031453e+01
278 4.164697e-01 3.406295e+01 1.040993e+01 1.415986e+02 1.987497e+03 6.650207e+01 7.056921e+01
279 4.176568e-01 3.414118e+01 1.038665e+01 1.416607e+02 1.990878e+03 6.655177e+01 7.061562e+01
280 4.188418e-01 3.421917e+01 1.036313e+01 1.417198e+02 1.994269e+03 6.660130e+01 7.066188e+01
281 4.200247e-01 3.429694e+01 1.033937e+01 1.417778e+02 1.997661e+03 6.665066e+01 7.070796e+01
282 4.212055e-01 3.437448e+01 1.031537e+01 1.418348e+02 2.001049e+03 6.669986e+01 7.075388e+01
283 4.223842e-01 3.445178e+01 1.029243e+01 1.418908e+02 2.004039e+03 6.674889e+01 7.100662e+01
284 4.235608e-01 3.452887e+01 1.027056e+01 1.419457e+02 2.007428e+03 6.679775e+01 7.105205e+01
285 4.247354e-01 3.460572e+01 1.024844e+01 1.419995e+02 2.010847e+03 6.684645e+01 7.109731e+01
286 4.259078e-01 3.468235e+01 1.022606e+01 1.420523e+02 2.014274e+03 6.689499e+01 7.114241e+01
287 4.270782e-01 3.475875e+01 1.020341e+01 1.421040e+02 2.017710e+03 6.694335e+01 7.118735e+01
288 4.282466e-01 3.483493e+01 1.018050e+01 1.421547e+02 2.021160e+03 6.699156e+01 7.123213e+01
289 4.294128e-01 3.491088e+01 1.015731e+01 1.422043e+02 2.024623e+03 6.703960e+01 7.127675e+01
290 4.305770e-01 3.498662e+01 1.013386e+01 1.422528e+02 2.028111e+03 6.708748e+01 7.132121e+01
291 4.317392e-01 3.506213e+01 1.011015e+01 1.423003e+02 2.031612e+03 6.713520e+01 7.136551e+01
