# it strain shortening ε_f δT D θ θc
1 0.000000e+00 0.000000e+00 1.224243e+00 5.684342e-14 6.349920e+03 4.500000e+01 4.512215e+01
2 1.770244e-03 1.768678e-01 1.256859e+00 1.331276e+00 6.114038e+03 4.510143e+01 4.522358e+01
3 3.539646e-03 3.533389e-01 1.288451e+00 2.637043e+00 5.923006e+03 4.520281e+01 4.532496e+01
4 5.308184e-03 5.294120e-01 1.321680e+00 3.916417e+00 5.756414e+03 4.530413e+01 4.542628e+01
5 7.075837e-03 7.050863e-01 1.356652e+00 5.170546e+00 5.607670e+03 4.540540e+01 4.552755e+01
6 8.842586e-03 8.803605e-01 1.393469e+00 6.400311e+00 5.472179e+03 4.550662e+01 4.562876e+01
7 1.060841e-02 1.055234e+00 1.432247e+00 7.606737e+00 5.346913e+03 4.560777e+01 4.572991e+01
8 1.237328e-02 1.229705e+00 1.473100e+00 8.791568e+00 5.229698e+03 4.570886e+01 4.583100e+01
9 1.413719e-02 1.403773e+00 1.516157e+00 9.954770e+00 5.118862e+03 4.580989e+01 4.593202e+01
10 1.590012e-02 1.577438e+00 1.561544e+00 1.111157e+01 5.013134e+03 4.591086e+01 4.603298e+01
11 1.766203e-02 1.750697e+00 1.609406e+00 1.231091e+01 4.911649e+03 4.601175e+01 4.613386e+01
12 1.942292e-02 1.923551e+00 1.659881e+00 1.350799e+01 4.813487e+03 4.611257e+01 4.623468e+01
13 2.118276e-02 2.095998e+00 1.713007e+00 1.470387e+01 4.717414e+03 4.621332e+01 4.633542e+01
14 2.294153e-02 2.268037e+00 1.768904e+00 1.589630e+01 4.623384e+03 4.631399e+01 4.643608e+01
15 2.469921e-02 2.439668e+00 1.827805e+00 1.708955e+01 4.531379e+03 4.641459e+01 4.653666e+01
16 2.645579e-02 2.610890e+00 1.889984e+00 1.828612e+01 4.441338e+03 4.651510e+01 4.663717e+01
17 2.821124e-02 2.781702e+00 1.955590e+00 1.948802e+01 4.352900e+03 4.661553e+01 4.673758e+01
18 2.996555e-02 2.952103e+00 2.024825e+00 2.069722e+01 4.265818e+03 4.671587e+01 4.683792e+01
19 3.171869e-02 3.122092e+00 2.097904e+00 2.192448e+01 4.179864e+03 4.681613e+01 4.693816e+01
20 3.347064e-02 3.291670e+00 2.174982e+00 2.318191e+01 4.094612e+03 4.691630e+01 4.703831e+01
21 3.522139e-02 3.460834e+00 2.256266e+00 2.445176e+01 4.010009e+03 4.701637e+01 4.713837e+01
22 3.697092e-02 3.629584e+00 2.341917e+00 2.573156e+01 3.925812e+03 4.711635e+01 4.723834e+01
23 3.871921e-02 3.797920e+00 2.432322e+00 2.702172e+01 3.842499e+03 4.721623e+01 4.733820e+01
24 4.046623e-02 3.965841e+00 2.527693e+00 2.832788e+01 3.759872e+03 4.731602e+01 4.743797e+01
25 4.221198e-02 4.133346e+00 2.628410e+00 2.965089e+01 3.677904e+03 4.741570e+01 4.753764e+01
26 4.395643e-02 4.300435e+00 2.734658e+00 3.099221e+01 3.596430e+03 4.751528e+01 4.763720e+01
27 4.569957e-02 4.467107e+00 2.846615e+00 3.235289e+01 3.515433e+03 4.761475e+01 4.773665e+01
28 4.744137e-02 4.633362e+00 2.964574e+00 3.372623e+01 3.434848e+03 4.771412e+01 4.783600e+01
29 4.918182e-02 4.799198e+00 3.088996e+00 3.512614e+01 3.355098e+03 4.781338e+01 4.793524e+01
30 5.092090e-02 4.964616e+00 3.220104e+00 3.656218e+01 3.276119e+03 4.791252e+01 4.803436e+01
31 5.265859e-02 5.129615e+00 3.358178e+00 3.801987e+01 3.197866e+03 4.801155e+01 4.813337e+01
32 5.439488e-02 5.294194e+00 3.503420e+00 3.949896e+01 3.120242e+03 4.811047e+01 4.823226e+01
33 5.612975e-02 5.458354e+00 3.656160e+00 4.099910e+01 3.043342e+03 4.820926e+01 4.833103e+01
34 5.786317e-02 5.622093e+00 3.816335e+00 4.251519e+01 2.967195e+03 4.830794e+01 4.842969e+01
35 5.959514e-02 5.785411e+00 3.984080e+00 4.404691e+01 2.891876e+03 4.840649e+01 4.852822e+01
36 6.132563e-02 5.948307e+00 4.159460e+00 4.559865e+01 2.817377e+03 4.850492e+01 4.862662e+01
37 6.305464e-02 6.110782e+00 4.342510e+00 4.716905e+01 2.743899e+03 4.860323e+01 4.872490e+01
38 6.478213e-02 6.272835e+00 4.533117e+00 4.879759e+01 2.671480e+03 4.870140e+01 4.882304e+01
39 6.650810e-02 6.434466e+00 4.732065e+00 5.043408e+01 2.598978e+03 4.879945e+01 4.916429e+01
40 6.823253e-02 6.595674e+00 4.939963e+00 5.208345e+01 2.529478e+03 4.889736e+01 4.926212e+01
41 6.995540e-02 6.756459e+00 5.155548e+00 5.378441e+01 2.461480e+03 4.899514e+01 4.935981e+01
42 7.167669e-02 6.916821e+00 5.379595e+00 5.550531e+01 2.393789e+03 4.909278e+01 4.970040e+01
43 7.339640e-02 7.076759e+00 5.613802e+00 5.723033e+01 2.329142e+03 4.919028e+01 4.979776e+01
44 7.511450e-02 7.236274e+00 5.855468e+00 5.896130e+01 2.266419e+03 4.928765e+01 4.989497e+01
45 7.683098e-02 7.395364e+00 6.106278e+00 6.069078e+01 2.204696e+03 4.938487e+01 5.023487e+01
46 7.854582e-02 7.554030e+00 6.365942e+00 6.245869e+01 2.146152e+03 4.948195e+01 5.033172e+01
47 8.025901e-02 7.712272e+00 6.631250e+00 6.424561e+01 2.089804e+03 4.957888e+01 5.042843e+01
48 8.197054e-02 7.870090e+00 6.908085e+00 6.602432e+01 2.034747e+03 4.967567e+01 5.076759e+01
49 8.368038e-02 8.027482e+00 7.190106e+00 6.780162e+01 1.983023e+03 4.977231e+01 5.086392e+01
50 8.538852e-02 8.184450e+00 7.480474e+00 6.956379e+01 1.932793e+03 4.986879e+01 5.120253e+01
51 8.709494e-02 8.340993e+00 7.779536e+00 7.135660e+01 1.885674e+03 4.996513e+01 5.129847e+01
52 8.879964e-02 8.497111e+00 8.082314e+00 7.315822e+01 1.840843e+03 5.006131e+01 5.139426e+01
53 9.050260e-02 8.652804e+00 8.388146e+00 7.493489e+01 1.798359e+03 5.015733e+01 5.148988e+01
54 9.220380e-02 8.808072e+00 8.694342e+00 7.668737e+01 1.758181e+03 5.025320e+01 5.158534e+01
55 9.390323e-02 8.962915e+00 8.998626e+00 7.839975e+01 1.720103e+03 5.034891e+01 5.168063e+01
56 9.560088e-02 9.117332e+00 9.299157e+00 8.010837e+01 1.684405e+03 5.044445e+01 5.177575e+01
57 9.729672e-02 9.271325e+00 9.593310e+00 8.179270e+01 1.650908e+03 5.053984e+01 5.187071e+01
58 9.899076e-02 9.424892e+00 9.886584e+00 8.343693e+01 1.619009e+03 5.063506e+01 5.220727e+01
59 1.006830e-01 9.578034e+00 1.018680e+01 8.505983e+01 1.589402e+03 5.073011e+01 5.230181e+01
60 1.023733e-01 9.730752e+00 1.047909e+01 8.665115e+01 1.561790e+03 5.082500e+01 5.239616e+01
61 1.040618e-01 9.883044e+00 1.076276e+01 8.822535e+01 1.536395e+03 5.091972e+01 5.249034e+01
62 1.057485e-01 1.003491e+01 1.103560e+01 8.976467e+01 1.512878e+03 5.101427e+01 5.258434e+01
63 1.074333e-01 1.018635e+01 1.129689e+01 9.124998e+01 1.490980e+03 5.110865e+01 5.267817e+01
64 1.091161e-01 1.033737e+01 1.154215e+01 9.267383e+01 1.470587e+03 5.120285e+01 5.277181e+01
65 1.107971e-01 1.048797e+01 1.177227e+01 9.404065e+01 1.451968e+03 5.129688e+01 5.286527e+01
66 1.124762e-01 1.063814e+01 1.198443e+01 9.537251e+01 1.435204e+03 5.139074e+01 5.295854e+01
67 1.141533e-01 1.078788e+01 1.219196e+01 9.668774e+01 1.419627e+03 5.148441e+01 5.329259e+01
68 1.158285e-01 1.093720e+01 1.239396e+01 9.795937e+01 1.405621e+03 5.157791e+01 5.338541e+01
69 1.175017e-01 1.108610e+01 1.257801e+01 9.917163e+01 1.392978e+03 5.167123e+01 5.347803e+01
70 1.191730e-01 1.123458e+01 1.274119e+01 1.003064e+02 1.381533e+03 5.176436e+01 5.357047e+01
71 1.208423e-01 1.138263e+01 1.288799e+01 1.014296e+02 1.371296e+03 5.185732e+01 5.366271e+01
72 1.225096e-01 1.153026e+01 1.301697e+01 1.025093e+02 1.362105e+03 5.195008e+01 5.375476e+01
73 1.241749e-01 1.167746e+01 1.312725e+01 1.034986e+02 1.353906e+03 5.204267e+01 5.384662e+01
74 1.258382e-01 1.182425e+01 1.322348e+01 1.044501e+02 1.346756e+03 5.213506e+01 5.393828e+01
75 1.274994e-01 1.197061e+01 1.330599e+01 1.053847e+02 1.340339e+03 5.222727e+01 5.402975e+01
76 1.291587e-01 1.211655e+01 1.338546e+01 1.063000e+02 1.334933e+03 5.231929e+01 5.436105e+01
77 1.308158e-01 1.226207e+01 1.346565e+01 1.072177e+02 1.330265e+03 5.241112e+01 5.445202e+01
78 1.324710e-01 1.240716e+01 1.353540e+01 1.080959e+02 1.326314e+03 5.250276e+01 5.454279e+01
79 1.341240e-01 1.255184e+01 1.361603e+01 1.089476e+02 1.323005e+03 5.259420e+01 5.487302e+01
80 1.357750e-01 1.269610e+01 1.368570e+01 1.097780e+02 1.320418e+03 5.268545e+01 5.496328e+01
81 1.374239e-01 1.283994e+01 1.375065e+01 1.105949e+02 1.318024e+03 5.277651e+01 5.529271e+01
82 1.390707e-01 1.298335e+01 1.382248e+01 1.114199e+02 1.316311e+03 5.286737e+01 5.538246e+01
83 1.407154e-01 1.312635e+01 1.388742e+01 1.122023e+02 1.315225e+03 5.295803e+01 5.547199e+01
84 1.423580e-01 1.326893e+01 1.394406e+01 1.129799e+02 1.314450e+03 5.304850e+01 5.580028e+01
85 1.439985e-01 1.341110e+01 1.401231e+01 1.137143e+02 1.314293e+03 5.313876e+01 5.588929e+01
86 1.456368e-01 1.355284e+01 1.407210e+01 1.144359e+02 1.314512e+03 5.322883e+01 5.597809e+01
87 1.472730e-01 1.369417e+01 1.412491e+01 1.151417e+02 1.314811e+03 5.331869e+01 5.606667e+01
88 1.489070e-01 1.383508e+01 1.418957e+01 1.158081e+02 1.315304e+03 5.340835e+01 5.639347e+01
89 1.505389e-01 1.397557e+01 1.424912e+01 1.164342e+02 1.316191e+03 5.349781e+01 5.648152e+01
90 1.521686e-01 1.411565e+01 1.429899e+01 1.170149e+02 1.317570e+03 5.358707e+01 5.656935e+01
91 1.537961e-01 1.425532e+01 1.434223e+01 1.175735e+02 1.319260e+03 5.367612e+01 5.665696e+01
92 1.554215e-01 1.439457e+01 1.437952e+01 1.181397e+02 1.321020e+03 5.376496e+01 5.674435e+01
93 1.570446e-01 1.453341e+01 1.441035e+01 1.186622e+02 1.323034e+03 5.385360e+01 5.683153e+01
94 1.586655e-01 1.467183e+01 1.443189e+01 1.191428e+02 1.325217e+03 5.394202e+01 5.691849e+01
95 1.602843e-01 1.480984e+01 1.445112e+01 1.195938e+02 1.327624e+03 5.403024e+01 5.700522e+01
96 1.619007e-01 1.494744e+01 1.446781e+01 1.200406e+02 1.329888e+03 5.411826e+01 5.709174e+01
97 1.635150e-01 1.508463e+01 1.448243e+01 1.204791e+02 1.332305e+03 5.420606e+01 5.717803e+01
98 1.651271e-01 1.522140e+01 1.449180e+01 1.208981e+02 1.334811e+03 5.429365e+01 5.726411e+01
99 1.667369e-01 1.535777e+01 1.449406e+01 1.213035e+02 1.337708e+03 5.438102e+01 5.734996e+01
100 1.683444e-01 1.549373e+01 1.448961e+01 1.216964e+02 1.340753e+03 5.446819e+01 5.743558e+01
101 1.699497e-01 1.562927e+01 1.447258e+01 1.220674e+02 1.343838e+03 5.455514e+01 5.752099e+01
102 1.715527e-01 1.576441e+01 1.444788e+01 1.224120e+02 1.347310e+03 5.464188e+01 5.760617e+01
103 1.731535e-01 1.589914e+01 1.442240e+01 1.228009e+02 1.350425e+03 5.472841e+01 5.769112e+01
104 1.747519e-01 1.603347e+01 1.440376e+01 1.231813e+02 1.353674e+03 5.481472e+01 5.777585e+01
105 1.763481e-01 1.616739e+01 1.438138e+01 1.235459e+02 1.356882e+03 5.490081e+01 5.786035e+01
106 1.779420e-01 1.630090e+01 1.435450e+01 1.238960e+02 1.360191e+03 5.498669e+01 5.794463e+01
107 1.795336e-01 1.643401e+01 1.432718e+01 1.242269e+02 1.363653e+03 5.507235e+01 5.802868e+01
108 1.811229e-01 1.656672e+01 1.429745e+01 1.245930e+02 1.367361e+03 5.515779e+01 5.811250e+01
109 1.827099e-01 1.669902e+01 1.426082e+01 1.249589e+02 1.371032e+03 5.524301e+01 5.819609e+01
110 1.842946e-01 1.683092e+01 1.422522e+01 1.253015e+02 1.374465e+03 5.532802e+01 5.827945e+01
111 1.858769e-01 1.696242e+01 1.419626e+01 1.256341e+02 1.378111e+03 5.541281e+01 5.836259e+01
112 1.874569e-01 1.709352e+01 1.416627e+01 1.259779e+02 1.381507e+03 5.549737e+01 5.844550e+01
113 1.890346e-01 1.722421e+01 1.413534e+01 1.263050e+02 1.384865e+03 5.558172e+01 5.852817e+01
114 1.906100e-01 1.735451e+01 1.410336e+01 1.266270e+02 1.388496e+03 5.566584e+01 5.861062e+01
115 1.921830e-01 1.748441e+01 1.406952e+01 1.269567e+02 1.392265e+03 5.574975e+01 5.869284e+01
116 1.937536e-01 1.761392e+01 1.403063e+01 1.272767e+02 1.395897e+03 5.583343e+01 5.877482e+01
117 1.953219e-01 1.774302e+01 1.400080e+01 1.275754e+02 1.399609e+03 5.591689e+01 5.909129e+01
118 1.968879e-01 1.787173e+01 1.397307e+01 1.278520e+02 1.403225e+03 5.600013e+01 5.917267e+01
119 1.984515e-01 1.800004e+01 1.394679e+01 1.281095e+02 1.406597e+03 5.608314e+01 5.925383e+01
120 2.000127e-01 1.812796e+01 1.392315e+01 1.283735e+02 1.410124e+03 5.616593e+01 5.933475e+01
121 2.015715e-01 1.825549e+01 1.389597e+01 1.286446e+02 1.413572e+03 5.624850e+01 5.941544e+01
122 2.031280e-01 1.838262e+01 1.386976e+01 1.288891e+02 1.417132e+03 5.633084e+01 5.949589e+01
123 2.046821e-01 1.850937e+01 1.384789e+01 1.291169e+02 1.420726e+03 5.641296e+01 5.980989e+01
124 2.062338e-01 1.863572e+01 1.382771e+01 1.293303e+02 1.424505e+03 5.649486e+01 5.988974e+01
125 2.077831e-01 1.876168e+01 1.380816e+01 1.295340e+02 1.428034e+03 5.657653e+01 5.996935e+01
126 2.093301e-01 1.888725e+01 1.378810e+01 1.297200e+02 1.431584e+03 5.665797e+01 6.004873e+01
127 2.108746e-01 1.901244e+01 1.376886e+01 1.299134e+02 1.435089e+03 5.673919e+01 6.012788e+01
128 2.124167e-01 1.913723e+01 1.374824e+01 1.301032e+02 1.438498e+03 5.682018e+01 6.020679e+01
129 2.139564e-01 1.926165e+01 1.373026e+01 1.302898e+02 1.441907e+03 5.690095e+01 6.051828e+01
130 2.154938e-01 1.938567e+01 1.371641e+01 1.304685e+02 1.445562e+03 5.698149e+01 6.059657e+01
131 2.170287e-01 1.950931e+01 1.370288e+01 1.306412e+02 1.449187e+03 5.706180e+01 6.067463e+01
132 2.185612e-01 1.963257e+01 1.369017e+01 1.308119e+02 1.452631e+03 5.714189e+01 6.075245e+01
133 2.200913e-01 1.975544e+01 1.367314e+01 1.309684e+02 1.456159e+03 5.722175e+01 6.083004e+01
134 2.216189e-01 1.987794e+01 1.366045e+01 1.311246e+02 1.459711e+03 5.730138e+01 6.090739e+01
135 2.231442e-01 2.000005e+01 1.364683e+01 1.312913e+02 1.463097e+03 5.738079e+01 6.098451e+01
136 2.246670e-01 2.012178e+01 1.363388e+01 1.314555e+02 1.466486e+03 5.745997e+01 6.129307e+01
137 2.261874e-01 2.024314e+01 1.362727e+01 1.316137e+02 1.469904e+03 5.753892e+01 6.136956e+01
138 2.277053e-01 2.036411e+01 1.362090e+01 1.317770e+02 1.473342e+03 5.761764e+01 6.144582e+01
139 2.292209e-01 2.048471e+01 1.361292e+01 1.319590e+02 1.476902e+03 5.769614e+01 6.152185e+01
140 2.307340e-01 2.060493e+01 1.360214e+01 1.321262e+02 1.480460e+03 5.777441e+01 6.159763e+01
141 2.322446e-01 2.072478e+01 1.359180e+01 1.322983e+02 1.483687e+03 5.785245e+01 6.167318e+01
142 2.337529e-01 2.084426e+01 1.358305e+01 1.324645e+02 1.486966e+03 5.793026e+01 6.174850e+01
143 2.352586e-01 2.096336e+01 1.357232e+01 1.326253e+02 1.490524e+03 5.800784e+01 6.182358e+01
144 2.367620e-01 2.108209e+01 1.356239e+01 1.327927e+02 1.493703e+03 5.808520e+01 6.189842e+01
145 2.382629e-01 2.120045e+01 1.355217e+01 1.329691e+02 1.496980e+03 5.816233e+01 6.197302e+01
146 2.397613e-01 2.131844e+01 1.354351e+01 1.331423e+02 1.500337e+03 5.823923e+01 6.204739e+01
147 2.412573e-01 2.143606e+01 1.352020e+01 1.333309e+02 1.503789e+03 5.831590e+01 6.212153e+01
148 2.427509e-01 2.155331e+01 1.349554e+01 1.335237e+02 1.507236e+03 5.839234e+01 6.219543e+01
149 2.442420e-01 2.167020e+01 1.347416e+01 1.336981e+02 1.510459e+03 5.846856e+01 6.226909e+01
150 2.457307e-01 2.178672e+01 1.345094e+01 1.338593e+02 1.513708e+03 5.854455e+01 6.234252e+01
151 2.472169e-01 2.190287e+01 1.342771e+01 1.340191e+02 1.517065e+03 5.862031e+01 6.241571e+01
152 2.487006e-01 2.201866e+01 1.340613e+01 1.341832e+02 1.520297e+03 5.869584e+01 6.248866e+01
153 2.501819e-01 2.213409e+01 1.338383e+01 1.343405e+02 1.523637e+03 5.877115e+01 6.256139e+01
154 2.516608e-01 2.224916e+01 1.336444e+01 1.344839e+02 1.526983e+03 5.884623e+01 6.263387e+01
155 2.531372e-01 2.236386e+01 1.334028e+01 1.346270e+02 1.530462e+03 5.892108e+01 6.270613e+01
156 2.546111e-01 2.247821e+01 1.331772e+01 1.347572e+02 1.533677e+03 5.899570e+01 6.277815e+01
157 2.560826e-01 2.259220e+01 1.329505e+01 1.348795e+02 1.536902e+03 5.907009e+01 6.284993e+01
158 2.575516e-01 2.270583e+01 1.327300e+01 1.350013e+02 1.539936e+03 5.914426e+01 6.292148e+01
159 2.590182e-01 2.281910e+01 1.325107e+01 1.351215e+02 1.543180e+03 5.921820e+01 6.299280e+01
160 2.604823e-01 2.293202e+01 1.323030e+01 1.352504e+02 1.546477e+03 5.929192e+01 6.283589e+01
161 2.619440e-01 2.304459e+01 1.321365e+01 1.353736e+02 1.549521e+03 5.936541e+01 6.290690e+01
162 2.634032e-01 2.315680e+01 1.319978e+01 1.354958e+02 1.552561e+03 5.943867e+01 6.297767e+01
163 2.648599e-01 2.326866e+01 1.317991e+01 1.356128e+02 1.555868e+03 5.951170e+01 6.304822e+01
164 2.663142e-01 2.338016e+01 1.316093e+01 1.357214e+02 1.559057e+03 5.958451e+01 6.311854e+01
165 2.677660e-01 2.349132e+01 1.314181e+01 1.358232e+02 1.562156e+03 5.965710e+01 6.318862e+01
166 2.692154e-01 2.360213e+01 1.312294e+01 1.359267e+02 1.565158e+03 5.972945e+01 6.325847e+01
167 2.706623e-01 2.371259e+01 1.310548e+01 1.360442e+02 1.568330e+03 5.980158e+01 6.332810e+01
168 2.721067e-01 2.382270e+01 1.308981e+01 1.361561e+02 1.571431e+03 5.987349e+01 6.339749e+01
169 2.735487e-01 2.393247e+01 1.307195e+01 1.362572e+02 1.574618e+03 5.994517e+01 6.346665e+01
170 2.749883e-01 2.404190e+01 1.305425e+01 1.363598e+02 1.577689e+03 6.001663e+01 6.353558e+01
171 2.764253e-01 2.415098e+01 1.303329e+01 1.364575e+02 1.581034e+03 6.008786e+01 6.360429e+01
172 2.778600e-01 2.425971e+01 1.301319e+01 1.365494e+02 1.584206e+03 6.015887e+01 6.367276e+01
173 2.792922e-01 2.436811e+01 1.299553e+01 1.366411e+02 1.587171e+03 6.022965e+01 6.374101e+01
174 2.807219e-01 2.447616e+01 1.297722e+01 1.367367e+02 1.590033e+03 6.030021e+01 6.380902e+01
175 2.821492e-01 2.458388e+01 1.295093e+01 1.368345e+02 1.592991e+03 6.037055e+01 6.387681e+01
176 2.835740e-01 2.469126e+01 1.292782e+01 1.369222e+02 1.596009e+03 6.044067e+01 6.394437e+01
177 2.849963e-01 2.479830e+01 1.290211e+01 1.370194e+02 1.599175e+03 6.051056e+01 6.401171e+01
178 2.864163e-01 2.490500e+01 1.287690e+01 1.371228e+02 1.602346e+03 6.058023e+01 6.407882e+01
179 2.878337e-01 2.501137e+01 1.284949e+01 1.372247e+02 1.605649e+03 6.064967e+01 6.414570e+01
180 2.892488e-01 2.511741e+01 1.282214e+01 1.373147e+02 1.608801e+03 6.071890e+01 6.421236e+01
181 2.906614e-01 2.522311e+01 1.279648e+01 1.374122e+02 1.611878e+03 6.078790e+01 6.427879e+01
182 2.920715e-01 2.532849e+01 1.277218e+01 1.375314e+02 1.614823e+03 6.085668e+01 6.434500e+01
183 2.934792e-01 2.543353e+01 1.274594e+01 1.376474e+02 1.617795e+03 6.092524e+01 6.441098e+01
184 2.948845e-01 2.553824e+01 1.272243e+01 1.377541e+02 1.620761e+03 6.099359e+01 6.447674e+01
185 2.962873e-01 2.564262e+01 1.269830e+01 1.378691e+02 1.623874e+03 6.106171e+01 6.454227e+01
186 2.976877e-01 2.574668e+01 1.267739e+01 1.379883e+02 1.626782e+03 6.112961e+01 6.483137e+01
187 2.990856e-01 2.585041e+01 1.265645e+01 1.381075e+02 1.629742e+03 6.119729e+01 6.489629e+01
188 3.004811e-01 2.595381e+01 1.263397e+01 1.382188e+02 1.632780e+03 6.126475e+01 6.496099e+01
189 3.018742e-01 2.605689e+01 1.261311e+01 1.383260e+02 1.635792e+03 6.133200e+01 6.502547e+01
190 3.032648e-01 2.615965e+01 1.259389e+01 1.384316e+02 1.638798e+03 6.139903e+01 6.508973e+01
191 3.046531e-01 2.626208e+01 1.257402e+01 1.385464e+02 1.641829e+03 6.146584e+01 6.515377e+01
192 3.060389e-01 2.636420e+01 1.255706e+01 1.386568e+02 1.644497e+03 6.153243e+01 6.544026e+01
193 3.074222e-01 2.646599e+01 1.254138e+01 1.387587e+02 1.647422e+03 6.159880e+01 6.550369e+01
194 3.088032e-01 2.656747e+01 1.252372e+01 1.388640e+02 1.650440e+03 6.166496e+01 6.556690e+01
195 3.101817e-01 2.666863e+01 1.250703e+01 1.389702e+02 1.653525e+03 6.173090e+01 6.562989e+01
196 3.115578e-01 2.676947e+01 1.249051e+01 1.390599e+02 1.656593e+03 6.179663e+01 6.569266e+01
197 3.129315e-01 2.687000e+01 1.247407e+01 1.391353e+02 1.659559e+03 6.186214e+01 6.575522e+01
198 3.143028e-01 2.697021e+01 1.245890e+01 1.392085e+02 1.662421e+03 6.192744e+01 6.603911e+01
199 3.156717e-01 2.707011e+01 1.244904e+01 1.392935e+02 1.665231e+03 6.199252e+01 6.610106e+01
200 3.170381e-01 2.716970e+01 1.243644e+01 1.393818e+02 1.668244e+03 6.205739e+01 6.616280e+01
201 3.184022e-01 2.726898e+01 1.242330e+01 1.394728e+02 1.671126e+03 6.212205e+01 6.622432e+01
202 3.197639e-01 2.736795e+01 1.241077e+01 1.395586e+02 1.674079e+03 6.218649e+01 6.628563e+01
203 3.211231e-01 2.746660e+01 1.239606e+01 1.396383e+02 1.677206e+03 6.225072e+01 6.634672e+01
204 3.224800e-01 2.756496e+01 1.238352e+01 1.397136e+02 1.680356e+03 6.231474e+01 6.640760e+01
205 3.238344e-01 2.766300e+01 1.237176e+01 1.397833e+02 1.683290e+03 6.237855e+01 6.646826e+01
206 3.251865e-01 2.776074e+01 1.235964e+01 1.398528e+02 1.686232e+03 6.244215e+01 6.652872e+01
207 3.265362e-01 2.785817e+01 1.234757e+01 1.399212e+02 1.689191e+03 6.250553e+01 6.658895e+01
208 3.278835e-01 2.795530e+01 1.233618e+01 1.400020e+02 1.692081e+03 6.256871e+01 6.664898e+01
209 3.292284e-01 2.805213e+01 1.232237e+01 1.400810e+02 1.695193e+03 6.263168e+01 6.670880e+01
210 3.305709e-01 2.814866e+01 1.230750e+01 1.401559e+02 1.698181e+03 6.269443e+01 6.676840e+01
211 3.319111e-01 2.824489e+01 1.229327e+01 1.402283e+02 1.701072e+03 6.275698e+01 6.682780e+01
212 3.332488e-01 2.834081e+01 1.227881e+01 1.402968e+02 1.704021e+03 6.281933e+01 6.688698e+01
213 3.345842e-01 2.843644e+01 1.226432e+01 1.403671e+02 1.707210e+03 6.288146e+01 6.694596e+01
214 3.359173e-01 2.853178e+01 1.225063e+01 1.404317e+02 1.710225e+03 6.294339e+01 6.700473e+01
215 3.372479e-01 2.862681e+01 1.223650e+01 1.404929e+02 1.713284e+03 6.300511e+01 6.706329e+01
216 3.385763e-01 2.872156e+01 1.222402e+01 1.405545e+02 1.716176e+03 6.306662e+01 6.712164e+01
217 3.399022e-01 2.881601e+01 1.221190e+01 1.406363e+02 1.719013e+03 6.312793e+01 6.717979e+01
218 3.412258e-01 2.891016e+01 1.219652e+01 1.407178e+02 1.721920e+03 6.318904e+01 6.723773e+01
219 3.425470e-01 2.900403e+01 1.217996e+01 1.407965e+02 1.724956e+03 6.324994e+01 6.729546e+01
220 3.438659e-01 2.909760e+01 1.216455e+01 1.408724e+02 1.727904e+03 6.331064e+01 6.735299e+01
221 3.451825e-01 2.919089e+01 1.214814e+01 1.409589e+02 1.730951e+03 6.337113e+01 6.741032e+01
222 3.464967e-01 2.928388e+01 1.213200e+01 1.410439e+02 1.734031e+03 6.343142e+01 6.746744e+01
223 3.478085e-01 2.937659e+01 1.211745e+01 1.411221e+02 1.737037e+03 6.349151e+01 6.752436e+01
224 3.491180e-01 2.946901e+01 1.210329e+01 1.412091e+02 1.739950e+03 6.355140e+01 6.758108e+01
225 3.504252e-01 2.956115e+01 1.208942e+01 1.412900e+02 1.742873e+03 6.361109e+01 6.763760e+01
226 3.517301e-01 2.965300e+01 1.207512e+01 1.413749e+02 1.745704e+03 6.367057e+01 6.769391e+01
227 3.530326e-01 2.974457e+01 1.205849e+01 1.414673e+02 1.748671e+03 6.372986e+01 6.775003e+01
228 3.543328e-01 2.983586e+01 1.203600e+01 1.415643e+02 1.751753e+03 6.378895e+01 6.780594e+01
229 3.556307e-01 2.992687e+01 1.201142e+01 1.416552e+02 1.754867e+03 6.384784e+01 6.786166e+01
230 3.569263e-01 3.001759e+01 1.198716e+01 1.417342e+02 1.757905e+03 6.390653e+01 6.791718e+01
231 3.582196e-01 3.010804e+01 1.196312e+01 1.418073e+02 1.760996e+03 6.396502e+01 6.797250e+01
232 3.595105e-01 3.019821e+01 1.194073e+01 1.418752e+02 1.764041e+03 6.402331e+01 6.802762e+01
233 3.607992e-01 3.028810e+01 1.191951e+01 1.419416e+02 1.766992e+03 6.408141e+01 6.808255e+01
234 3.620856e-01 3.037772e+01 1.189824e+01 1.420055e+02 1.769945e+03 6.413932e+01 6.813728e+01
235 3.633696e-01 3.046706e+01 1.187580e+01 1.420692e+02 1.772898e+03 6.419703e+01 6.819182e+01
236 3.646514e-01 3.055613e+01 1.185111e+01 1.421344e+02 1.775864e+03 6.425454e+01 6.824616e+01
237 3.659309e-01 3.064493e+01 1.182458e+01 1.422094e+02 1.778935e+03 6.431186e+01 6.830030e+01
238 3.672081e-01 3.073345e+01 1.179940e+01 1.422775e+02 1.782064e+03 6.436898e+01 6.835426e+01
239 3.684830e-01 3.082170e+01 1.177465e+01 1.423457e+02 1.785211e+03 6.442592e+01 6.840802e+01
240 3.697556e-01 3.090969e+01 1.175016e+01 1.424118e+02 1.788311e+03 6.448266e+01 6.846159e+01
241 3.710260e-01 3.099740e+01 1.172707e+01 1.424765e+02 1.791393e+03 6.453920e+01 6.851496e+01
242 3.722941e-01 3.108485e+01 1.170482e+01 1.425383e+02 1.794411e+03 6.459556e+01 6.856815e+01
243 3.735599e-01 3.117203e+01 1.168311e+01 1.425983e+02 1.797369e+03 6.465173e+01 6.862115e+01
244 3.748235e-01 3.125894e+01 1.165858e+01 1.426593e+02 1.800387e+03 6.470770e+01 6.867395e+01
245 3.760848e-01 3.134559e+01 1.163194e+01 1.427160e+02 1.803615e+03 6.476349e+01 6.872657e+01
246 3.773439e-01 3.143198e+01 1.160550e+01 1.427685e+02 1.806778e+03 6.481909e+01 6.877900e+01
247 3.786007e-01 3.151810e+01 1.157952e+01 1.428265e+02 1.809970e+03 6.487450e+01 6.883124e+01
248 3.798553e-01 3.160396e+01 1.155330e+01 1.428897e+02 1.813236e+03 6.492972e+01 6.888330e+01
249 3.811076e-01 3.168956e+01 1.152817e+01 1.429519e+02 1.816331e+03 6.498476e+01 6.893517e+01
250 3.823577e-01 3.177490e+01 1.150357e+01 1.430146e+02 1.819485e+03 6.503960e+01 6.898685e+01
251 3.836056e-01 3.185999e+01 1.148006e+01 1.430697e+02 1.822528e+03 6.509427e+01 6.903835e+01
252 3.848512e-01 3.194481e+01 1.145711e+01 1.431242e+02 1.825568e+03 6.514874e+01 6.908967e+01
253 3.860946e-01 3.202938e+01 1.143186e+01 1.431794e+02 1.828716e+03 6.520304e+01 6.914080e+01
254 3.873358e-01 3.211369e+01 1.140439e+01 1.432363e+02 1.831960e+03 6.525715e+01 6.919175e+01
255 3.885748e-01 3.219775e+01 1.137854e+01 1.432971e+02 1.835002e+03 6.531107e+01 6.945430e+01
256 3.898115e-01 3.228155e+01 1.135552e+01 1.433525e+02 1.838192e+03 6.536481e+01 6.950471e+01
257 3.910461e-01 3.236510e+01 1.133235e+01 1.434104e+02 1.841490e+03 6.541837e+01 6.955495e+01
258 3.922784e-01 3.244840e+01 1.130981e+01 1.434811e+02 1.844752e+03 6.547175e+01 6.960500e+01
259 3.935086e-01 3.253145e+01 1.128791e+01 1.435535e+02 1.847930e+03 6.552495e+01 6.965488e+01
260 3.947366e-01 3.261425e+01 1.126966e+01 1.436237e+02 1.850864e+03 6.557796e+01 6.991540e+01
261 3.959623e-01 3.269679e+01 1.125137e+01 1.436948e+02 1.853952e+03 6.563080e+01 6.996475e+01
262 3.971859e-01 3.277910e+01 1.123014e+01 1.437645e+02 1.857269e+03 6.568345e+01 7.001392e+01
263 3.984073e-01 3.286115e+01 1.120871e+01 1.438330e+02 1.860575e+03 6.573593e+01 7.006292e+01
264 3.996265e-01 3.294296e+01 1.118915e+01 1.438979e+02 1.863706e+03 6.578823e+01 7.032178e+01
265 4.008436e-01 3.302452e+01 1.117141e+01 1.439584e+02 1.867115e+03 6.584036e+01 7.037025e+01
266 4.020585e-01 3.310584e+01 1.115404e+01 1.440182e+02 1.870437e+03 6.589230e+01 7.041855e+01
267 4.032712e-01 3.318691e+01 1.113651e+01 1.440770e+02 1.873807e+03 6.594407e+01 7.046668e+01
268 4.044818e-01 3.326775e+01 1.111930e+01 1.441470e+02 1.877142e+03 6.599566e+01 7.051463e+01
269 4.056902e-01 3.334834e+01 1.109741e+01 1.442217e+02 1.880507e+03 6.604708e+01 7.056240e+01
270 4.068965e-01 3.342869e+01 1.107443e+01 1.442977e+02 1.883847e+03 6.609833e+01 7.061001e+01
271 4.081006e-01 3.350880e+01 1.104890e+01 1.443706e+02 1.887271e+03 6.614940e+01 7.065744e+01
272 4.093025e-01 3.358867e+01 1.102301e+01 1.444453e+02 1.890813e+03 6.620029e+01 7.070471e+01
273 4.105024e-01 3.366831e+01 1.099726e+01 1.445158e+02 1.894345e+03 6.625102e+01 7.075180e+01
274 4.117001e-01 3.374771e+01 1.097183e+01 1.445844e+02 1.897848e+03 6.630157e+01 7.079872e+01
275 4.128957e-01 3.382687e+01 1.094643e+01 1.446511e+02 1.901392e+03 6.635195e+01 7.084548e+01
276 4.140891e-01 3.390579e+01 1.092109e+01 1.447190e+02 1.904930e+03 6.640216e+01 7.089206e+01
277 4.152804e-01 3.398449e+01 1.089673e+01 1.447866e+02 1.908411e+03 6.645220e+01 7.093848e+01
278 4.164697e-01 3.406295e+01 1.087240e+01 1.448540e+02 1.912140e+03 6.650207e+01 7.077702e+01
279 4.176568e-01 3.414118e+01 1.084782e+01 1.449110e+02 1.915556e+03 6.655177e+01 7.082328e+01
280 4.188418e-01 3.421917e+01 1.082176e+01 1.449631e+02 1.919142e+03 6.660130e+01 7.086936e+01
281 4.200247e-01 3.429694e+01 1.079520e+01 1.450166e+02 1.922775e+03 6.665066e+01 7.091528e+01
282 4.212055e-01 3.437448e+01 1.076815e+01 1.450678e+02 1.926489e+03 6.669986e+01 7.096103e+01
283 4.223842e-01 3.445178e+01 1.074105e+01 1.451177e+02 1.930125e+03 6.674889e+01 7.100662e+01
284 4.235608e-01 3.452887e+01 1.071492e+01 1.451678e+02 1.933681e+03 6.679775e+01 7.105205e+01
285 4.247354e-01 3.460572e+01 1.068850e+01 1.452234e+02 1.937242e+03 6.684645e+01 7.109731e+01
286 4.259078e-01 3.468235e+01 1.066256e+01 1.452788e+02 1.940721e+03 6.689499e+01 7.114241e+01
287 4.270782e-01 3.475875e+01 1.063627e+01 1.453440e+02 1.944246e+03 6.694335e+01 7.118735e+01
288 4.282466e-01 3.483493e+01 1.060929e+01 1.454059e+02 1.947710e+03 6.699156e+01 7.123213e+01
289 4.294128e-01 3.491088e+01 1.058006e+01 1.454710e+02 1.951321e+03 6.703960e+01 7.127675e+01
290 4.305770e-01 3.498662e+01 1.055030e+01 1.455407e+02 1.955034e+03 6.708748e+01 7.132121e+01
291 4.317392e-01 3.506213e+01 1.052016e+01 1.456092e+02 1.958739e+03 6.713520e+01 7.136551e+01
